0.693212571 0
0.827192172 50
0.946493497 100
0.963373102 150
0.976888102 200
0.990403102 250
1.003918102 300
1.017430399 350
1.030945399 400
1.044460399 450
1.057975399 500
1.071490399 550
1.085005399 600
1.098520399 650
1.112035399 700
1.125550399 750
1.139065399 800
1.152580399 850
1.166095399 900
1.179610399 950
1.192943675 1000
1.205107175 1050
1.217270675 1100
1.229434175 1150
1.241597675 1200
1.253761175 1250
1.265924675 1300
1.278088175 1350
1.290251675 1400
1.302415175 1450
1.314578675 1500
1.326742175 1550
1.338905675 1600
1.351069175 1650
1.363232675 1700
1.375396175 1750
1.387559675 1800
1.399723175 1850
1.411886675 1900
1.424050175 1950
1.436213675 2000
1.448377175 2050
1.460540675 2100
1.472704175 2150
1.484867675 2200
1.497031175 2250
1.509194675 2300
1.521358175 2350
1.533521675 2400
1.545685175 2450
1.557848675 2500
1.570012175 2550
1.582175675 2600
1.594339175 2650
1.606502675 2700
1.618666175 2750
1.630829675 2800
1.642993175 2850
1.655156675 2900
1.667320175 2950
1.679483675 3000
1.691647175 3050
1.703810675 3100
1.715974175 3150
1.728137675 3200
1.740301175 3250
1.752464675 3300
1.764628175 3350
1.776791675 3400
1.788955175 3450
1.801118675 3500
1.813282175 3550
1.825442972 3600
1.837606472 3650
1.849769972 3700
1.861933472 3750
1.874096972 3800
1.886260472 3850
1.898423972 3900
1.910587472 3950
1.922750972 4000
1.934914472 4050
1.947077972 4100
1.959241472 4150
1.971404972 4200
1.983568472 4250
1.995731972 4300
2.007895472 4350
2.020058972 4400
2.032222472 4450
2.044385972 4500
2.056549472 4550
2.068712972 4600
2.080876472 4650
2.093039972 4700
2.105203472 4750
2.117366973 4800
2.129530473 4850
2.141693973 4900
2.153857473 4950
2.166020973 5000
2.178184473 5050
2.190347973 5100
2.202511473 5150
2.214674973 5200
2.226838473 5250
2.239001973 5300
2.251165473 5350
2.263328973 5400
2.275492473 5450
2.287655973 5500
2.299819473 5550
2.311982973 5600
2.324146473 5650
2.336309973 5700
2.348473473 5750
2.360636973 5800
2.372800473 5850
2.384963973 5900
2.397127473 5950
2.409290973 6000
2.421454473 6050
2.433617973 6100
2.445781473 6150
2.457944973 6200
2.470108473 6250
2.482271973 6300
2.494435473 6350
2.506598973 6400
2.518762473 6450
2.530925973 6500
2.543089473 6550
2.555252973 6600
2.567416473 6650
2.579579973 6700
2.591743473 6750
2.603906973 6800
2.616070473 6850
2.628233973 6900
2.640397473 6950
2.652560973 7000
2.664724473 7050
2.676887973 7100
2.689051473 7150
2.701214973 7200
2.713378473 7250
2.725541973 7300
2.737705473 7350
2.749868973 7400
2.762032473 7450
2.774195973 7500
2.786359473 7550
2.798522973 7600
2.810686473 7650
2.822849973 7700
2.835013473 7750
2.847176973 7800
2.859340473 7850
2.871503973 7900
2.883667473 7950
2.895830973 8000
2.907994473 8050
2.920157973 8100
2.932321473 8150
2.944484973 8200
2.956648473 8250
2.968811973 8300
2.980975473 8350
2.993138973 8400
3.005302473 8450
3.017465973 8500
3.029629473 8550
3.041792973 8600
3.053956473 8650
3.066119973 8700
3.078283473 8750
3.090446973 8800
3.102610473 8850
3.114773973 8900
3.126937473 8950
3.139100973 9000
3.151264473 9050
3.163427973 9100
3.175591473 9150
3.187754973 9200
3.199918473 9250
3.212081973 9300
3.224245473 9350
3.236408973 9400
3.248572473 9450
3.260735973 9500
3.272899473 9550
3.285062973 9600
3.297226473 9650
3.309389973 9700
3.321553473 9750
3.333716973 9800
3.345880473 9850
3.358043973 9900
3.370207473 9950
3.382370973 10000
3.394534473 10050
3.406697973 10100
3.418861473 10150
3.431024973 10200
3.443188473 10250
3.455351973 10300
3.467515473 10350
3.479678973 10400
3.491842473 10450
3.504005973 10500
3.516169473 10550
3.528332973 10600
3.540496473 10650
3.552659973 10700
3.564823473 10750
3.576986973 10800
3.589150473 10850
3.601313973 10900
3.613477473 10950
3.625640973 11000
3.637804473 11050
3.649967973 11100
3.662131473 11150
3.674294973 11200
3.686458473 11250
3.698621973 11300
3.710785473 11350
3.722948973 11400
3.735112473 11450
3.747275973 11500
3.759439473 11550
3.771602973 11600
3.783766473 11650
3.795929973 11700
3.808093473 11750
3.820256973 11800
3.832420473 11850
3.844583973 11900
3.856747473 11950
3.868910973 12000
3.881074473 12050
3.893237973 12100
3.905401473 12150
3.917564973 12200
3.929728473 12250
3.941891973 12300
3.954055473 12350
3.966218973 12400
3.978382473 12450
3.990545973 12500
4.002709473 12550
4.014872973 12600
4.027036473 12650
4.039199973 12700
4.051363473 12750
4.063526973 12800
4.075690473 12850
4.087853973 12900
4.100017473 12950
4.112180973 13000
4.124344473 13050
4.136507973 13100
4.148671473 13150
4.160834973 13200
4.172998473 13250
4.185161973 13300
4.197325473 13350
4.209488973 13400
4.221652473 13450
4.233815973 13500
4.245979473 13550
4.258142973 13600
4.270306473 13650
4.282469973 13700
4.294633473 13750
4.306796973 13800
4.318960473 13850
4.331123973 13900
4.343287473 13950
4.355450973 14000
4.367614473 14050
4.379777973 14100
4.391941473 14150
4.404104973 14200
4.416268473 14250
4.428431973 14300
4.440595473 14350
4.452758973 14400
4.464922473 14450
4.477085973 14500
4.489249473 14550
4.501412973 14600
4.513576473 14650
4.525739973 14700
4.537903473 14750
4.550066973 14800
4.562230473 14850
4.574393973 14900
4.586557473 14950
4.598720973 15000
4.610884473 15050
4.623047973 15100
4.635211473 15150
4.647374974 15200
4.659538474 15250
4.671701974 15300
4.683865474 15350
4.696028974 15400
4.708192474 15450
4.720355974 15500
4.732519474 15550
4.744682974 15600
4.756846474 15650
4.769009974 15700
4.781173474 15750
4.793336974 15800
4.805500474 15850
4.817663974 15900
4.829827474 15950
4.841990974 16000
4.854154474 16050
4.866317974 16100
4.878481474 16150
4.890644974 16200
4.902808474 16250
4.914971974 16300
4.927135474 16350
4.939298974 16400
4.951462474 16450
4.963625974 16500
4.975789474 16550
4.987952974 16600
5.000116474 16650
5.012279974 16700
5.024443474 16750
5.036606974 16800
5.048770474 16850
5.060933974 16900
5.073097474 16950
5.085260974 17000
5.097424474 17050
5.109587974 17100
5.121751474 17150
5.133914974 17200
5.146078474 17250
5.158241974 17300
5.170405474 17350
5.182568974 17400
5.194732474 17450
5.206895974 17500
5.219059474 17550
5.231222974 17600
5.243386474 17650
5.255549974 17700
5.267713474 17750
5.279876974 17800
5.292040474 17850
5.304203974 17900
5.316367474 17950
5.328530974 18000
5.340697177 18050
5.352860677 18100
5.365024177 18150
5.377187677 18200
5.389351177 18250
5.401514677 18300
5.413678177 18350
5.425841677 18400
5.438005177 18450
5.450168677 18500
5.462332177 18550
5.474495677 18600
5.486659177 18650
5.498822677 18700
5.510986177 18750
5.523149677 18800
5.535313177 18850
5.547476677 18900
5.559640177 18950
5.571803677 19000
5.583967177 19050
5.596130677 19100
5.608294177 19150
5.620457677 19200
5.632621177 19250
5.644784677 19300
5.656948177 19350
5.669111677 19400
5.681275177 19450
5.693438677 19500
5.705602177 19550
5.717765677 19600
5.729929177 19650
5.742092677 19700
5.754256177 19750
5.766419677 19800
5.778583177 19850
5.790746677 19900
5.802910177 19950
5.815073677 20000
5.827237177 20050
5.839400677 20100
5.851564177 20150
5.863727677 20200
5.875891177 20250
5.888054677 20300
5.900218177 20350
5.912381677 20400
5.924545177 20450
5.936708677 20500
5.948872177 20550
5.961035677 20600
5.973199177 20650
5.985362677 20700
5.997526177 20750
6.009689677 20800
6.021853177 20850
6.034016677 20900
6.046180177 20950
6.058343677 21000
6.070507177 21050
6.082670677 21100
6.094834177 21150
6.106997677 21200
6.119161177 21250
6.131324677 21300
6.143488177 21350
6.155651677 21400
6.167815177 21450
6.179978677 21500
6.192142177 21550
6.204305677 21600
6.216469177 21650
6.228632677 21700
6.240796177 21750
6.252959677 21800
6.265123177 21850
6.277286677 21900
6.289450177 21950
6.301613677 22000
6.313777177 22050
6.325940677 22100
6.338104177 22150
6.350267677 22200
6.362431177 22250
6.374594677 22300
6.386758177 22350
6.398921677 22400
6.411085177 22450
6.423248677 22500
6.435412177 22550
6.447575677 22600
6.459739177 22650
6.471902677 22700
6.484066177 22750
6.496229677 22800
6.508393177 22850
6.520556677 22900
6.532720177 22950
6.544883677 23000
6.557049880 23050
6.569213380 23100
6.581376880 23150
6.593540380 23200
6.605703880 23250
6.617867380 23300
6.630030880 23350
6.642194380 23400
6.654357880 23450
6.666521380 23500
6.678684880 23550
6.690848380 23600
6.703011880 23650
6.715175380 23700
6.727338880 23750
6.739502380 23800
6.751665880 23850
6.763829380 23900
6.775992880 23950
6.788156380 24000
6.800319880 24050
6.812483380 24100
6.824646880 24150
6.836810380 24200
6.848973880 24250
6.861137380 24300
6.873300880 24350
6.885464380 24400
6.897627880 24450
6.909791380 24500
6.921954880 24550
6.934118380 24600
6.946281880 24650
6.958445380 24700
6.970608880 24750
6.982772380 24800
6.994935880 24850
7.007099380 24900
7.019262880 24950
7.031426380 25000
7.043589880 25050
7.055753380 25100
7.067916880 25150
7.080080380 25200
7.092243880 25250
7.104407380 25300
7.116570880 25350
7.128734380 25400
7.140897880 25450
7.153061380 25500
7.165224880 25550
7.177388380 25600
7.189551880 25650
7.201715380 25700
7.213878880 25750
7.226042380 25800
7.238205880 25850
7.250369380 25900
7.262532880 25950
7.274696380 26000
7.286859880 26050
7.299023380 26100
7.311186880 26150
7.323350380 26200
7.335513880 26250
7.347677380 26300
7.359840880 26350
7.372004380 26400
7.384167880 26450
7.396331380 26500
7.408494880 26550
7.420658380 26600
7.432821880 26650
7.444985380 26700
7.457148880 26750
7.469312380 26800
7.481475880 26850
7.493639380 26900
7.505802880 26950
7.517966380 27000
7.530129880 27050
7.542293380 27100
7.554456880 27150
7.566620380 27200
7.578783880 27250
7.590947380 27300
7.603110880 27350
7.615274380 27400
7.627437880 27450
7.639601380 27500
7.651764880 27550
7.663928380 27600
7.676091880 27650
7.688255380 27700
7.700418880 27750
7.712582380 27800
7.724745880 27850
7.736909380 27900
7.749072880 27950
7.761236380 28000
7.773399880 28050
7.785563380 28100
7.797726880 28150
7.809890380 28200
7.822053880 28250
7.834217380 28300
7.846380880 28350
7.858544380 28400
7.870707880 28450
7.882871380 28500
7.895034880 28550
7.907198380 28600
7.919361880 28650
7.931525380 28700
7.943688880 28750
7.955852380 28800
7.968015880 28850
7.980179380 28900
7.992342880 28950
8.004506380 29000
8.016669880 29050
8.028833380 29100
8.040996880 29150
8.053160380 29200
8.065323880 29250
8.077487380 29300
8.089650880 29350
8.101814380 29400
8.113977880 29450
8.126141380 29500
8.138304880 29550
8.150468380 29600
8.162631880 29650
8.174795380 29700
8.186958880 29750
8.199122380 29800
8.211285880 29850
8.223449380 29900
8.235612880 29950
8.247776380 30000
8.259939879 30050
8.272103379 30100
8.284266879 30150
8.296430379 30200
8.308593879 30250
8.320757379 30300
8.332920879 30350
8.345084379 30400
8.357247879 30450
8.369411379 30500
8.381574879 30550
8.393738379 30600
8.405901879 30650
8.418065379 30700
8.430228879 30750
8.442392379 30800
8.454555879 30850
8.466719379 30900
8.478882879 30950
8.491046379 31000
8.503209879 31050
8.515373379 31100
8.527536879 31150
8.539700379 31200
8.551863879 31250
8.564027379 31300
8.576190879 31350
8.588354379 31400
8.600517879 31450
8.612681379 31500
8.624844879 31550
8.637008379 31600
8.649171879 31650
8.661335379 31700
8.673498879 31750
8.685662379 31800
8.697825879 31850
8.709989379 31900
8.722152879 31950
8.734316379 32000
8.746479879 32050
8.758643379 32100
8.770806879 32150
8.782970379 32200
8.795133879 32250
8.807297379 32300
8.819460879 32350
8.831624379 32400
8.843787879 32450
8.855951379 32500
8.868114879 32550
8.880278379 32600
8.892441879 32650
8.904605379 32700
8.916768879 32750
8.928932379 32800
8.941095879 32850
8.953259379 32900
8.965422879 32950
8.977586379 33000
8.989749879 33050
9.001913379 33100
9.014076879 33150
9.026240379 33200
9.038403879 33250
9.050567379 33300
9.062730879 33350
9.074894379 33400
9.087057879 33450
9.099221379 33500
9.111384879 33550
9.123548379 33600
9.135711879 33650
9.147875379 33700
9.160038879 33750
9.172202379 33800
9.184365879 33850
9.196529379 33900
9.208692879 33950
9.220856379 34000
9.233019879 34050
9.245183379 34100
9.257346879 34150
9.269510379 34200
9.281673878 34250
9.293837378 34300
9.306000878 34350
9.318164378 34400
9.330327878 34450
9.342491378 34500
9.354654878 34550
9.366818378 34600
9.378981878 34650
9.391145378 34700
9.403308878 34750
9.415472378 34800
9.427635878 34850
9.439799378 34900
9.451962878 34950
9.464126378 35000
9.476289878 35050
9.488453378 35100
9.500616878 35150
9.512780378 35200
9.524943878 35250
9.537107378 35300
9.549270878 35350
9.561434378 35400
9.573597878 35450
9.585761378 35500
9.597924878 35550
9.610088378 35600
9.622251878 35650
9.634415378 35700
9.646578878 35750
9.658742378 35800
9.670905878 35850
9.683069378 35900
9.695232878 35950
9.707396378 36000
9.719559878 36050
9.731723378 36100
9.743886878 36150
9.756050378 36200
9.768213878 36250
9.780377378 36300
9.792540878 36350
9.804704378 36400
9.816867878 36450
9.829031378 36500
9.841194878 36550
9.853358378 36600
9.865521878 36650
9.877685378 36700
9.889848878 36750
9.902012378 36800
9.914175878 36850
9.926339378 36900
9.938502878 36950
9.950666378 37000
9.962829878 37050
9.974993378 37100
9.987156878 37150
9.999320378 37200
10.01148387 37250
10.02364737 37300
10.03581087 37350
10.04797437 37400
10.06013787 37450
10.07230137 37500
10.08446487 37550
10.09662837 37600
10.10879187 37650
10.12095537 37700
10.13311887 37750
10.14528237 37800
10.15744587 37850
10.16960937 37900
10.18177287 37950
10.19393637 38000
10.20609987 38050
10.21826337 38100
10.23042687 38150
10.24259037 38200
10.25475387 38250
10.26691737 38300
10.27908087 38350
10.29124437 38400
10.30340787 38450
10.31557137 38500
10.32773487 38550
10.33989837 38600
10.35206187 38650
10.36422537 38700
10.37638887 38750
10.38855237 38800
10.40071587 38850
10.41287937 38900
10.42504287 38950
10.43720637 39000
10.44936987 39050
10.46153337 39100
10.47369687 39150
10.48586037 39200
10.49802387 39250
10.51018737 39300
10.52235087 39350
10.53451437 39400
10.54667787 39450
10.55884137 39500
10.57100487 39550
10.58316837 39600
10.59533187 39650
10.60749537 39700
10.61965887 39750
10.63182237 39800
10.64398587 39850
10.65614937 39900
10.66831287 39950
10.68047637 40000
10.69263987 40050
10.70480337 40100
10.71696687 40150
10.72913037 40200
10.74129387 40250
10.75345737 40300
10.76562087 40350
10.77778437 40400
10.78994787 40450
10.80211137 40500
10.81427487 40550
10.82643837 40600
10.83860187 40650
10.85076537 40700
10.86292887 40750
10.87509237 40800
10.88725587 40850
10.89941937 40900
10.91158287 40950
10.92374637 41000
10.93590987 41050
10.94807337 41100
10.96023687 41150
10.97240037 41200
10.98456387 41250
10.99672737 41300
11.00889087 41350
11.02105437 41400
11.03321787 41450
11.04538137 41500
11.05754487 41550
11.06970837 41600
11.08187187 41650
11.09403537 41700
11.10619887 41750
11.11836237 41800
11.13052587 41850
11.14268937 41900
11.15485287 41950
11.16701637 42000
11.17917987 42050
11.19134337 42100
11.20350687 42150
11.21567037 42200
11.22783387 42250
11.23999737 42300
11.25216087 42350
11.26432437 42400
11.27648787 42450
11.28865137 42500
11.30081487 42550
11.31297837 42600
11.32514187 42650
11.33730537 42700
11.34946887 42750
11.36163237 42800
11.37379587 42850
11.38595937 42900
11.39812287 42950
11.41028637 43000
11.42244987 43050
11.43461337 43100
11.44677687 43150
11.45894037 43200
11.47110387 43250
11.48326737 43300
11.49543087 43350
11.50759437 43400
11.51975787 43450
11.53192137 43500
11.54408487 43550
11.55624837 43600
11.56841187 43650
11.58057537 43700
11.59273887 43750
11.60490237 43800
11.61706587 43850
11.62922937 43900
11.64139287 43950
11.65355637 44000
11.66571987 44050
11.67788337 44100
11.69004687 44150
11.70221037 44200
11.71437387 44250
11.72653737 44300
11.73870087 44350
11.75086437 44400
11.76302787 44450
11.77519137 44500
11.78735487 44550
11.79951837 44600
11.81168187 44650
11.82384537 44700
11.83600887 44750
11.84817237 44800
11.86033587 44850
11.87249937 44900
11.88466287 44950
11.89682637 45000
11.90898987 45050
11.92115337 45100
11.93331687 45150
11.94548037 45200
11.95764387 45250
11.96980737 45300
11.98197087 45350
11.99413437 45400
12.00629787 45450
12.01846137 45500
12.03062487 45550
12.04278837 45600
12.05495187 45650
12.06711537 45700
12.07927887 45750
12.09144237 45800
12.10360587 45850
12.11576937 45900
12.12793287 45950
12.14009637 46000
12.15225987 46050
12.16442337 46100
12.17658687 46150
12.18875037 46200
12.20091387 46250
12.21307737 46300
12.22524087 46350
12.23740437 46400
12.24956787 46450
12.26173137 46500
12.27389487 46550
12.28605837 46600
12.29822187 46650
12.31038537 46700
12.32254887 46750
12.33471237 46800
12.34687587 46850
12.35903937 46900
12.37120287 46950
12.38336637 47000
12.39552987 47050
12.40769337 47100
12.41985687 47150
12.43202037 47200
12.44418387 47250
12.45634737 47300
12.46851087 47350
12.48067437 47400
12.49283787 47450
12.50500137 47500
12.51716487 47550
12.52932837 47600
12.54149187 47650
12.55365537 47700
12.56581887 47750
12.57798237 47800
12.59014587 47850
12.60230937 47900
12.61447287 47950
12.62663637 48000
12.63879987 48050
12.65096337 48100
12.66312687 48150
12.67529037 48200
12.68745387 48250
12.69961737 48300
12.71178087 48350
12.72394437 48400
12.73610787 48450
12.74827137 48500
12.76043487 48550
12.77259837 48600
12.78476187 48650
12.79692537 48700
12.80908887 48750
12.82125237 48800
12.83341587 48850
12.84557937 48900
12.85774287 48950
12.86990637 49000
12.88206987 49050
12.89423337 49100
12.90639687 49150
12.91856037 49200
12.93072387 49250
12.94288737 49300
12.95505087 49350
12.96721437 49400
12.97937787 49450
12.99154137 49500
13.00370487 49550
13.01586837 49600
13.02803187 49650
13.04019537 49700
13.05235887 49750
13.06452237 49800
13.07668587 49850
13.08884937 49900
13.10101287 49950
13.11317637 50000
13.12533987 50050
13.13750337 50100
13.14966687 50150
13.16183037 50200
13.17399387 50250
13.18615737 50300
13.19832087 50350
13.21048437 50400
13.22264787 50450
13.23481137 50500
13.24697487 50550
13.25913837 50600
13.27130187 50650
13.28346537 50700
13.29562887 50750
13.30779237 50800
13.31995587 50850
13.33211937 50900
13.34428287 50950
13.35644637 51000
13.36860987 51050
13.38077337 51100
13.39293687 51150
13.40510037 51200
13.41726387 51250
13.42942737 51300
13.44159087 51350
13.45375437 51400
13.46591787 51450
13.47808137 51500
13.49024487 51550
13.50240837 51600
13.51457187 51650
13.52673537 51700
13.53889887 51750
13.55106237 51800
13.56322587 51850
13.57538937 51900
13.58755287 51950
13.59971637 52000
13.61187987 52050
13.62404337 52100
13.63620687 52150
13.64837037 52200
13.66053387 52250
13.67269737 52300
13.68486087 52350
13.69702437 52400
13.70918787 52450
13.72135137 52500
13.73351487 52550
13.74567837 52600
13.75784187 52650
13.77000537 52700
13.78216887 52750
13.79433237 52800
13.80649587 52850
13.81865937 52900
13.83082287 52950
13.84298637 53000
13.85514987 53050
13.86731337 53100
13.87947687 53150
13.89164037 53200
13.90380387 53250
13.91596737 53300
13.92813087 53350
13.94029437 53400
13.95245787 53450
13.96462137 53500
13.97678487 53550
13.98894837 53600
14.00111187 53650
14.01327537 53700
14.02543887 53750
14.03760237 53800
14.04976587 53850
14.06192937 53900
14.07409287 53950
14.08625637 54000
14.09841987 54050
14.11058337 54100
14.12274687 54150
14.13491037 54200
14.14707387 54250
14.15923737 54300
14.17140087 54350
14.18356437 54400
14.19572787 54450
14.20789137 54500
14.22005487 54550
14.23221837 54600
14.24438187 54650
14.25654537 54700
14.26870887 54750
14.28087237 54800
14.29303587 54850
14.30519937 54900
14.31736287 54950
14.32952637 55000
14.34168987 55050
14.35385337 55100
14.36601687 55150
14.37818037 55200
14.39034387 55250
14.40250737 55300
14.41467087 55350
14.42683437 55400
14.43899787 55450
14.45116137 55500
14.46332487 55550
14.47548837 55600
14.48765187 55650
14.49981537 55700
14.51197887 55750
14.52414237 55800
14.53630587 55850
14.54846937 55900
14.56063287 55950
14.57279637 56000
14.58495987 56050
14.59712337 56100
14.60928687 56150
14.62145037 56200
14.63361387 56250
14.64577737 56300
14.65794087 56350
14.67010437 56400
14.68226787 56450
14.69443137 56500
14.70659487 56550
14.71875837 56600
14.73092187 56650
14.74308537 56700
14.75524887 56750
14.76741237 56800
14.77957587 56850
14.79173937 56900
14.80390287 56950
14.81606637 57000
14.82822987 57050
14.84039337 57100
14.85255687 57150
14.86472037 57200
14.87688387 57250
14.88904737 57300
14.90121087 57350
14.91337437 57400
14.92553787 57450
14.93770137 57500
14.94986487 57550
14.96202837 57600
14.97419187 57650
14.98635537 57700
14.99851887 57750
15.01068237 57800
15.02284587 57850
15.03500937 57900
15.04717287 57950
15.05933637 58000
15.07149987 58050
15.08366337 58100
15.09582687 58150
15.10799037 58200
15.12015387 58250
15.13231737 58300
15.14448087 58350
15.15664437 58400
15.16880787 58450
15.18097137 58500
15.19313487 58550
15.20529837 58600
15.21746187 58650
15.22962537 58700
15.24178887 58750
15.25395237 58800
15.26611587 58850
15.27827937 58900
15.29044287 58950
15.30260637 59000
15.31476987 59050
15.32693337 59100
15.33909687 59150
15.35126037 59200
15.36342387 59250
15.37558737 59300
15.38775087 59350
15.39991437 59400
15.41207787 59450
15.42424137 59500
15.43640487 59550
15.44856837 59600
15.46073187 59650
15.47289537 59700
15.48505887 59750
15.49722237 59800
15.50938587 59850
15.52154937 59900
15.53371287 59950
15.54587637 60000
15.55803987 60050
15.57020337 60100
15.58236687 60150
15.59453037 60200
15.60669387 60250
15.61885737 60300
15.63102087 60350
15.64318437 60400
15.65534787 60450
15.66751137 60500
15.67967487 60550
15.69183837 60600
15.70400187 60650
15.71616537 60700
15.72832887 60750
15.74049237 60800
15.75265587 60850
15.76481937 60900
15.77698287 60950
15.78914637 61000
15.80130987 61050
15.81347337 61100
15.82563687 61150
15.83780037 61200
15.84996387 61250
15.86212737 61300
15.87429087 61350
15.88645437 61400
15.89861787 61450
15.91078137 61500
15.92294487 61550
15.93510837 61600
15.94727187 61650
15.95943537 61700
15.97159887 61750
15.98376237 61800
15.99592587 61850
16.00808937 61900
16.02025287 61950
16.03241637 62000
16.04457987 62050
16.05674337 62100
16.06890687 62150
16.08107037 62200
16.09323387 62250
16.10539737 62300
16.11756087 62350
16.12972437 62400
16.14188787 62450
16.15405137 62500
16.16621487 62550
16.17837837 62600
16.19054187 62650
16.20270537 62700
16.21486887 62750
16.22703237 62800
16.23919587 62850
16.25135937 62900
16.26352287 62950
16.27568637 63000
16.28784987 63050
16.30001337 63100
16.31217687 63150
16.32434037 63200
16.33650387 63250
16.34866737 63300
16.36083087 63350
16.37299437 63400
16.38515787 63450
16.39732137 63500
16.40948487 63550
16.42164837 63600
16.43381187 63650
16.44597537 63700
16.45813887 63750
16.47030237 63800
16.48246587 63850
16.49462937 63900
16.50679287 63950
16.51895637 64000
16.53111987 64050
16.54328337 64100
16.55544687 64150
16.56761037 64200
16.57977387 64250
16.59193737 64300
16.60410087 64350
16.61626437 64400
16.62842787 64450
16.64059137 64500
16.65275487 64550
16.66491837 64600
16.67708187 64650
16.68924537 64700
16.70140887 64750
16.71357237 64800
16.72573587 64850
16.73789937 64900
16.75006287 64950
16.76222637 65000
16.77438987 65050
16.78655337 65100
16.79871687 65150
16.81088037 65200
16.82304387 65250
16.83520737 65300
16.84737087 65350
16.85953437 65400
16.87169787 65450
16.88386137 65500
16.89602487 65550
16.90818837 65600
16.92035187 65650
16.93251537 65700
16.94467887 65750
16.95684237 65800
16.96900587 65850
16.98116937 65900
16.99333287 65950
17.00549637 66000
17.01765987 66050
17.02982337 66100
17.04198687 66150
17.05415037 66200
17.06631387 66250
17.07847737 66300
17.09064087 66350
17.10280437 66400
17.11496787 66450
17.12713137 66500
17.13929487 66550
17.15145837 66600
17.16362187 66650
17.17578537 66700
17.18794887 66750
17.20011237 66800
17.21227587 66850
17.22443937 66900
17.23660287 66950
17.24876637 67000
17.26092987 67050
17.27309337 67100
17.28525687 67150
17.29742037 67200
17.30958387 67250
17.32174737 67300
17.33391087 67350
17.34607437 67400
17.35823787 67450
17.37040137 67500
17.38256487 67550
17.39472837 67600
17.40689187 67650
17.41905537 67700
17.43121887 67750
17.44338237 67800
17.45554587 67850
17.46770937 67900
17.47987287 67950
17.49203637 68000
17.50419987 68050
17.51636337 68100
17.52852687 68150
17.54069037 68200
17.55285387 68250
17.56501737 68300
17.57718087 68350
17.58934437 68400
17.60150787 68450
17.61367137 68500
17.62583487 68550
17.63799837 68600
17.65016187 68650
17.66232537 68700
17.67448887 68750
17.68665237 68800
17.69881587 68850
17.71097937 68900
17.72314287 68950
17.73530637 69000
17.74746987 69050
17.75963337 69100
17.77179687 69150
17.78396037 69200
17.79612387 69250
17.80828737 69300
17.82045087 69350
17.83261437 69400
17.84477787 69450
17.85694137 69500
17.86910487 69550
17.88126837 69600
17.89343187 69650
17.90559537 69700
17.91775887 69750
17.92992237 69800
17.94208587 69850
17.95424937 69900
17.96641287 69950
17.97857637 70000
17.99073987 70050
18.00290337 70100
18.01506687 70150
18.02723037 70200
18.03939387 70250
18.05155737 70300
18.06372087 70350
18.07588437 70400
18.08804787 70450
18.10021137 70500
18.11237487 70550
18.12453837 70600
18.13670187 70650
18.14886537 70700
18.16102887 70750
18.17319237 70800
18.18535587 70850
18.19751937 70900
18.20968287 70950
18.22184637 71000
18.23400987 71050
18.24617337 71100
18.25833687 71150
18.27050037 71200
18.28266387 71250
18.29482737 71300
18.30699087 71350
18.31915437 71400
18.33131787 71450
18.34348137 71500
18.35564487 71550
18.36780837 71600
18.37997187 71650
18.39213537 71700
18.40429887 71750
18.41646237 71800
18.42862587 71850
18.44078937 71900
18.45295287 71950
18.46511637 72000
18.47727987 72050
18.48944337 72100
18.50160687 72150
18.51377037 72200
18.52593387 72250
18.53809737 72300
18.55026087 72350
18.56242437 72400
18.57458787 72450
18.58675137 72500
18.59891487 72550
18.61107837 72600
18.62324187 72650
18.63540537 72700
18.64756887 72750
18.65973237 72800
18.67189587 72850
18.68405937 72900
18.69622287 72950
18.70838637 73000
18.72054987 73050
18.73271337 73100
18.74487687 73150
18.75704037 73200
18.76920387 73250
18.78136737 73300
18.79353087 73350
18.80569437 73400
18.81785787 73450
18.83002137 73500
18.84218487 73550
18.85434837 73600
18.86651187 73650
18.87867537 73700
18.89083887 73750
18.90300237 73800
18.91516587 73850
18.92732937 73900
18.93949287 73950
18.95165637 74000
18.96381987 74050
18.97598337 74100
18.98814687 74150
19.00031037 74200
19.01247387 74250
19.02463737 74300
19.03680087 74350
19.04896437 74400
19.06112787 74450
19.07329137 74500
19.08545487 74550
19.09761837 74600
19.10978187 74650
19.12194537 74700
19.13410887 74750
19.14627237 74800
19.15843587 74850
19.17059937 74900
19.18276287 74950
19.19492637 75000
19.20708987 75050
19.21925337 75100
19.23141687 75150
19.24358037 75200
19.25574387 75250
19.26790737 75300
19.28007087 75350
19.29223437 75400
19.30439787 75450
19.31656137 75500
19.32872487 75550
19.34088837 75600
19.35305187 75650
19.36521537 75700
19.37737887 75750
19.38954237 75800
19.40170587 75850
19.41386667 75900
19.42603017 75950
19.43819367 76000
19.45035717 76050
19.46252067 76100
19.47468417 76150
19.48684767 76200
19.49901117 76250
19.51117467 76300
19.52333817 76350
19.53550167 76400
19.54766517 76450
19.55982867 76500
19.57199217 76550
19.58415567 76600
19.59631917 76650
19.60848267 76700
19.62064617 76750
19.63280967 76800
19.64497317 76850
19.65713667 76900
19.66930017 76950
19.68146367 77000
19.69362717 77050
19.70579067 77100
19.71795417 77150
19.73011767 77200
19.74228117 77250
19.75444467 77300
19.76660817 77350
19.77877167 77400
19.79093517 77450
19.80309867 77500
19.81526217 77550
19.82742567 77600
19.83958917 77650
19.85175267 77700
19.86391617 77750
19.87607967 77800
19.88824317 77850
19.90040667 77900
19.91257017 77950
19.92473367 78000
19.93689717 78050
19.94906067 78100
19.96122417 78150
19.97338767 78200
19.98555117 78250
19.99771467 78300
20.00987817 78350
20.02204167 78400
20.03420517 78450
20.04636867 78500
20.05853217 78550
20.07069567 78600
20.08285917 78650
20.09502267 78700
20.10718617 78750
20.11934967 78800
20.13151317 78850
20.14367667 78900
20.15584017 78950
20.16800367 79000
20.18016717 79050
20.19233067 79100
20.20449417 79150
20.21665767 79200
20.22882117 79250
20.24098467 79300
20.25314817 79350
20.26531167 79400
20.27747517 79450
20.28963867 79500
20.30180217 79550
20.31396567 79600
20.32612917 79650
20.33829267 79700
20.35045617 79750
20.36261967 79800
20.37478317 79850
20.38694667 79900
20.39911017 79950
20.41127367 80000
20.42343717 80050
20.43560067 80100
20.44776417 80150
20.45992767 80200
20.47209117 80250
20.48425467 80300
20.49641817 80350
20.50858167 80400
20.52074517 80450
20.53290867 80500
20.54507217 80550
20.55723567 80600
20.56939917 80650
20.58156267 80700
20.59372617 80750
20.60588967 80800
20.61805317 80850
20.63021667 80900
20.64238017 80950
20.65454367 81000
20.66670717 81050
20.67887067 81100
20.69103417 81150
20.70319767 81200
20.71536117 81250
20.72752467 81300
20.73968817 81350
20.75185167 81400
20.76401517 81450
20.77617867 81500
20.78834217 81550
20.80050567 81600
20.81266917 81650
20.82483267 81700
20.83699617 81750
20.84915967 81800
20.86132317 81850
20.87348667 81900
20.88565017 81950
20.89781367 82000
20.90997717 82050
20.92214067 82100
20.93430417 82150
20.94646767 82200
20.95863117 82250
20.97079467 82300
20.98295817 82350
20.99512167 82400
21.00728517 82450
21.01944867 82500
21.03161217 82550
21.04377567 82600
21.05593917 82650
21.06810267 82700
21.08026617 82750
21.09242967 82800
21.10459317 82850
21.11675667 82900
21.12892017 82950
21.14108367 83000
21.15324717 83050
21.16541067 83100
21.17757417 83150
21.18973767 83200
21.20190117 83250
21.21406467 83300
21.22622817 83350
21.23839167 83400
21.25055517 83450
21.26271867 83500
21.27488217 83550
21.28704567 83600
21.29920917 83650
21.31137267 83700
21.32353617 83750
21.33569967 83800
21.34786317 83850
21.36002667 83900
21.37219017 83950
21.38435367 84000
21.39651717 84050
21.40868067 84100
21.42084417 84150
21.43300767 84200
21.44517117 84250
21.45733467 84300
21.46949817 84350
21.48166167 84400
21.49382517 84450
21.50598867 84500
21.51815217 84550
21.53031567 84600
21.54247917 84650
21.55464267 84700
21.56680617 84750
21.57896967 84800
21.59113317 84850
21.60329667 84900
21.61546017 84950
21.62762367 85000
21.63978717 85050
21.65195067 85100
21.66411417 85150
21.67627767 85200
21.68844117 85250
21.70060467 85300
21.71276817 85350
21.72493167 85400
21.73709517 85450
21.74925867 85500
21.76142217 85550
21.77358567 85600
21.78574917 85650
21.79791267 85700
21.81007617 85750
21.82223967 85800
21.83440317 85850
21.84656667 85900
21.85873017 85950
21.87089367 86000
21.88305717 86050
21.89522067 86100
21.90738417 86150
21.91954767 86200
21.93171117 86250
21.94387467 86300
21.95603817 86350
21.96820167 86400
21.98036517 86450
21.99252867 86500
22.00469217 86550
22.01685567 86600
22.02901917 86650
22.04118267 86700
22.05334617 86750
22.06550967 86800
22.07767317 86850
22.08983667 86900
22.10200017 86950
22.11416367 87000
22.12632717 87050
22.13849067 87100
22.15065417 87150
22.16281767 87200
22.17498117 87250
22.18714467 87300
22.19930817 87350
22.21147167 87400
22.22363517 87450
22.23579867 87500
22.24796217 87550
22.26012567 87600
22.27228917 87650
22.28445267 87700
22.29661617 87750
22.30877967 87800
22.32094317 87850
22.33310667 87900
22.34527017 87950
22.35743367 88000
22.36959717 88050
22.38176067 88100
22.39392417 88150
22.40608767 88200
22.41825117 88250
22.43041467 88300
22.44257817 88350
22.45474167 88400
22.46690517 88450
22.47906867 88500
22.49123217 88550
22.50339567 88600
22.51555917 88650
22.52772267 88700
22.53988617 88750
22.55204967 88800
22.56421317 88850
22.57637667 88900
22.58854017 88950
22.60070367 89000
22.61286717 89050
22.62503067 89100
22.63719417 89150
22.64935767 89200
22.66152117 89250
22.67368467 89300
22.68584817 89350
22.69801167 89400
22.71017517 89450
22.72233867 89500
22.73450217 89550
22.74666567 89600
22.75882917 89650
22.77099267 89700
22.78315617 89750
22.79531967 89800
22.80748317 89850
22.81964667 89900
22.83181017 89950
22.84397367 90000
22.85613717 90050
22.86830067 90100
22.88046417 90150
22.89262767 90200
22.90479117 90250
22.91695467 90300
22.92911817 90350
22.94128167 90400
22.95344517 90450
22.96560867 90500
22.97777217 90550
22.98993567 90600
23.00209917 90650
23.01426267 90700
23.02642617 90750
23.03858967 90800
23.05075317 90850
23.06291667 90900
23.07508017 90950
23.08724367 91000
23.09940717 91050
23.11157067 91100
23.12373417 91150
23.13589767 91200
23.14806117 91250
23.16022467 91300
23.17238817 91350
23.18455167 91400
23.19671517 91450
23.20887867 91500
23.22104217 91550
23.23320567 91600
23.24536917 91650
23.25753267 91700
23.26969617 91750
23.28185967 91800
23.29402317 91850
23.30618667 91900
23.31835017 91950
23.33051367 92000
23.34267717 92050
23.35484067 92100
23.36700417 92150
23.37916767 92200
23.39133117 92250
23.40349467 92300
23.41565817 92350
23.42782167 92400
23.43998517 92450
23.45214867 92500
23.46431217 92550
23.47647567 92600
23.48863917 92650
23.50080267 92700
23.51296617 92750
23.52512967 92800
23.53729317 92850
23.54945667 92900
23.56162017 92950
23.57378367 93000
23.58594717 93050
23.59811067 93100
23.61027417 93150
23.62243767 93200
23.63460117 93250
23.64676467 93300
23.65892817 93350
23.67109167 93400
23.68325517 93450
23.69541867 93500
23.70758217 93550
23.71974567 93600
23.73190917 93650
23.74407267 93700
23.75623617 93750
23.76839967 93800
23.78056317 93850
23.79272667 93900
23.80489017 93950
23.81705367 94000
23.82921717 94050
23.84138067 94100
23.85354417 94150
23.86570767 94200
23.87787117 94250
23.89003467 94300
23.90219817 94350
23.91436167 94400
23.92652517 94450
23.93868867 94500
23.95085217 94550
23.96301567 94600
23.97517917 94650
23.98734267 94700
23.99950617 94750
24.01166967 94800
24.02383317 94850
24.03599667 94900
24.04816017 94950
24.06032367 95000
24.07248717 95050
24.08465067 95100
24.09681417 95150
24.10897767 95200
24.12114117 95250
24.13330467 95300
24.14546817 95350
24.15763167 95400
24.16979517 95450
24.18195867 95500
24.19412217 95550
24.20628567 95600
24.21844917 95650
24.23061267 95700
24.24277617 95750
24.25493967 95800
24.26710317 95850
24.27926667 95900
24.29143017 95950
24.30359367 96000
24.31575717 96050
24.32792067 96100
24.34008417 96150
24.35224767 96200
24.36441117 96250
24.37657467 96300
24.38873817 96350
24.40090167 96400
24.41306517 96450
24.42522867 96500
24.43739217 96550
24.44955567 96600
24.46171917 96650
24.47388267 96700
24.48604617 96750
24.49820967 96800
24.51037047 96850
24.52253397 96900
24.53469747 96950
24.54686097 97000
24.55902447 97050
24.57118797 97100
24.58335147 97150
24.59551497 97200
24.60767847 97250
24.61984197 97300
24.63200547 97350
24.64416897 97400
24.65633247 97450
24.66849597 97500
24.68065947 97550
24.69282297 97600
24.70498647 97650
24.71714997 97700
24.72931347 97750
24.74147697 97800
24.75364047 97850
24.76580397 97900
24.77796747 97950
24.79013097 98000
24.80229447 98050
24.81445797 98100
24.82662147 98150
24.83878497 98200
24.85094847 98250
24.86311197 98300
24.87527547 98350
24.88743897 98400
24.89960247 98450
24.91176597 98500
24.92392947 98550
24.93609297 98600
24.94825647 98650
24.96041997 98700
24.97258347 98750
24.98474697 98800
24.99691047 98850
25.00907397 98900
25.02123747 98950
25.03340097 99000
25.04556447 99050
25.05772797 99100
25.06989147 99150
25.08205497 99200
25.09421847 99250
25.10638197 99300
25.11854547 99350
25.13070897 99400
25.14287247 99450
25.15503597 99500
25.16719947 99550
25.17936297 99600
25.19152647 99650
25.20368997 99700
25.21585347 99750
25.22801697 99800
25.24018047 99850
25.25234397 99900
25.26450747 99950
25.27667097 100000
25.28883447 100050
25.30099797 100100
25.31316147 100150
25.32532497 100200
25.33748847 100250
25.34965197 100300
25.36181547 100350
25.37397897 100400
25.38614247 100450
25.39830597 100500
25.41046947 100550
25.42263297 100600
25.43479647 100650
25.44695997 100700
25.45912347 100750
25.47128697 100800
25.48345047 100850
25.49561397 100900
25.50777747 100950
25.51994097 101000
25.53210447 101050
25.54426797 101100
25.55643147 101150
25.56859497 101200
25.58075847 101250
25.59292197 101300
25.60508547 101350
25.61724897 101400
25.62941247 101450
25.64157597 101500
25.65373947 101550
25.66590297 101600
25.67806647 101650
25.69022997 101700
25.70239347 101750
25.71455697 101800
25.72672047 101850
25.73888397 101900
25.75104747 101950
25.76321097 102000
25.77537447 102050
25.78753797 102100
25.79970147 102150
25.81186497 102200
25.82402847 102250
25.83619197 102300
25.84835547 102350
25.86051897 102400
25.87268247 102450
25.88484597 102500
25.89700947 102550
25.90917297 102600
25.92133647 102650
25.93349997 102700
25.94566347 102750
25.95782697 102800
25.96999047 102850
25.98215397 102900
25.99431747 102950
26.00648097 103000
26.01864447 103050
26.03080797 103100
26.04297147 103150
26.05513497 103200
26.06729846 103250
26.07946196 103300
26.09162546 103350
26.10378896 103400
26.11595246 103450
26.12811596 103500
26.14027946 103550
26.15244296 103600
26.16460646 103650
26.17676996 103700
26.18893346 103750
26.20109696 103800
26.21326046 103850
26.22542396 103900
26.23758746 103950
26.24975096 104000
26.26191446 104050
26.27407796 104100
26.28624146 104150
26.29840496 104200
26.31056846 104250
26.32273196 104300
26.33489546 104350
26.34705896 104400
26.35922246 104450
26.37138596 104500
26.38354946 104550
26.39571296 104600
26.40787646 104650
26.42003996 104700
26.43220346 104750
26.44436696 104800
26.45653046 104850
26.46869396 104900
26.48085746 104950
26.49302096 105000
26.50518446 105050
26.51734796 105100
26.52951146 105150
26.54167496 105200
26.55383846 105250
26.56600196 105300
26.57816546 105350
26.59032896 105400
26.60249246 105450
26.61465596 105500
26.62681946 105550
26.63898296 105600
26.65114646 105650
26.66330996 105700
26.67547346 105750
26.68763696 105800
26.69980046 105850
26.71196396 105900
26.72412746 105950
26.73629096 106000
26.74845446 106050
26.76061796 106100
26.77278146 106150
26.78494496 106200
26.79710846 106250
26.80927196 106300
26.82143546 106350
26.83359896 106400
26.84576246 106450
26.85792596 106500
26.87008946 106550
26.88225296 106600
26.89441646 106650
26.90657996 106700
26.91874346 106750
26.93090696 106800
26.94307046 106850
26.95523396 106900
26.96739746 106950
26.97956096 107000
26.99172446 107050
27.00388796 107100
27.01605146 107150
27.02821496 107200
27.04037846 107250
27.05254196 107300
27.06470546 107350
27.07686896 107400
27.08903246 107450
27.10119596 107500
27.11335946 107550
27.12552296 107600
27.13768646 107650
27.14984996 107700
27.16201346 107750
27.17417696 107800
27.18634046 107850
27.19850396 107900
27.21066746 107950
27.22283096 108000
27.23499446 108050
27.24715796 108100
27.25932146 108150
27.27148496 108200
27.28364846 108250
27.29581196 108300
27.30797546 108350
27.32013896 108400
27.33230246 108450
27.34446596 108500
27.35662946 108550
27.36879296 108600
27.38095646 108650
27.39311996 108700
27.40528346 108750
27.41744696 108800
27.42961046 108850
27.44177396 108900
27.45393746 108950
27.46610096 109000
27.47826446 109050
27.49042796 109100
27.50259146 109150
27.51475496 109200
27.52691846 109250
27.53908196 109300
27.55124546 109350
27.56340896 109400
27.57557246 109450
27.58773596 109500
27.59989946 109550
27.61206296 109600
27.62422646 109650
27.63638996 109700
27.64855346 109750
27.66071696 109800
27.67288046 109850
27.68504396 109900
27.69720746 109950
27.70937096 110000
27.72153446 110050
27.73369796 110100
27.74586146 110150
27.75802496 110200
27.77018846 110250
27.78235196 110300
27.79451546 110350
27.80667896 110400
27.81884246 110450
27.83100596 110500
27.84316946 110550
27.85533296 110600
27.86749646 110650
27.87965996 110700
27.89182346 110750
27.90398696 110800
27.91615046 110850
27.92831396 110900
27.94047746 110950
27.95264096 111000
27.96480446 111050
27.97696796 111100
27.98913146 111150
28.00129496 111200
28.01345846 111250
28.02562196 111300
28.03778546 111350
28.04994896 111400
28.06211246 111450
28.07427596 111500
28.08643946 111550
28.09860296 111600
28.11076646 111650
28.12292996 111700
28.13509346 111750
28.14725696 111800
28.15942046 111850
28.17158396 111900
28.18374746 111950
28.19591096 112000
28.20807446 112050
28.22023796 112100
28.23240146 112150
28.24456496 112200
28.25672846 112250
28.26889196 112300
28.28105546 112350
28.29321896 112400
28.30538246 112450
28.31754596 112500
28.32970946 112550
28.34187296 112600
28.35403646 112650
28.36619996 112700
28.37836346 112750
28.39052696 112800
28.40269046 112850
28.41485396 112900
28.42701746 112950
28.43918096 113000
28.45134446 113050
28.46350796 113100
28.47567146 113150
28.48783496 113200
28.49999846 113250
28.51216196 113300
28.52432546 113350
28.53648896 113400
28.54865246 113450
28.56081596 113500
28.57297946 113550
28.58514296 113600
28.59730646 113650
28.60946996 113700
28.62163346 113750
28.63379696 113800
28.64596046 113850
28.65812396 113900
28.67028746 113950
28.68245096 114000
28.69461446 114050
28.70677796 114100
28.71894146 114150
28.73110496 114200
28.74326846 114250
28.75543196 114300
28.76759546 114350
28.77975896 114400
28.79192246 114450
28.80408596 114500
28.81624946 114550
28.82841296 114600
28.84057646 114650
28.85273996 114700
28.86490346 114750
28.87706696 114800
28.88923046 114850
28.90139396 114900
28.91355746 114950
28.92572096 115000
28.93788446 115050
28.95004796 115100
28.96221146 115150
28.97437496 115200
28.98653846 115250
28.99870196 115300
29.01086546 115350
29.02302896 115400
29.03519246 115450
29.04735596 115500
29.05951946 115550
29.07168296 115600
29.08384646 115650
29.09600996 115700
29.10817346 115750
29.12033696 115800
29.13250046 115850
29.14466396 115900
29.15682746 115950
29.16899096 116000
29.18115446 116050
29.19331796 116100
29.20548146 116150
29.21764496 116200
29.22980846 116250
29.24197196 116300
29.25413546 116350
29.26629896 116400
29.27846246 116450
29.29062596 116500
29.30278946 116550
29.31495296 116600
29.32711646 116650
29.33927996 116700
29.35144346 116750
29.36360696 116800
29.37577046 116850
29.38793396 116900
29.40009746 116950
29.41226096 117000
29.42442446 117050
29.43658796 117100
29.44875146 117150
29.46091496 117200
29.47307846 117250
29.48524196 117300
29.49740546 117350
29.50956896 117400
29.52173246 117450
29.53389596 117500
29.54605946 117550
29.55822296 117600
29.57038646 117650
29.58254996 117700
29.59471346 117750
29.60687696 117800
29.61904046 117850
29.63120396 117900
29.64336746 117950
29.65553096 118000
29.66769446 118050
29.67985796 118100
29.69202146 118150
29.70418496 118200
29.71634846 118250
29.72851196 118300
29.74067546 118350
29.75283896 118400
29.76500246 118450
29.77716596 118500
29.78932946 118550
29.80149296 118600
29.81365646 118650
29.82581996 118700
29.83798346 118750
29.85014696 118800
29.86231046 118850
29.87447396 118900
29.88663746 118950
29.89880096 119000
29.91096446 119050
29.92312796 119100
29.93529146 119150
29.94745496 119200
29.95961846 119250
29.97178196 119300
29.98394546 119350
29.99610896 119400
30.00827246 119450
30.02043596 119500
30.03259946 119550
30.04476296 119600
30.05692646 119650
30.06908996 119700
30.08125346 119750
30.09341696 119800
30.10558046 119850
30.11774396 119900
30.12990746 119950
30.13877102 120000
30.13881635 120050
30.13881635 120100
