0.697765565 0
0.714392796 50
0.726556296 100
0.738719796 150
0.750883296 200
0.763046796 250
0.775210296 300
0.787373796 350
0.799537296 400
0.811700796 450
0.823864296 500
0.836027795 550
0.848191295 600
0.860354795 650
0.872518295 700
0.884681795 750
0.896845295 800
0.909008795 850
0.921172295 900
0.933338498 950
0.945501998 1000
0.957665498 1050
0.969828998 1100
0.981992498 1150
0.994155998 1200
1.006319498 1250
1.018482998 1300
1.030646498 1350
1.042809998 1400
1.054973498 1450
1.067136998 1500
1.079300498 1550
1.091463998 1600
1.103627498 1650
1.115790998 1700
1.127954498 1750
1.140117998 1800
1.152281498 1850
1.164444998 1900
1.176608498 1950
1.188771998 2000
1.200935498 2050
1.213098998 2100
1.225262498 2150
1.237425998 2200
1.249589498 2250
1.261752998 2300
1.273916498 2350
1.286079998 2400
1.298243498 2450
1.310406998 2500
1.322570498 2550
1.334733998 2600
1.346897498 2650
1.359060998 2700
1.371224498 2750
1.383387998 2800
1.395551498 2850
1.407714998 2900
1.419878498 2950
1.432041998 3000
1.444205498 3050
1.456368998 3100
1.468532498 3150
1.480695998 3200
1.492859498 3250
1.505022998 3300
1.517186498 3350
1.529349998 3400
1.541513498 3450
1.553676998 3500
1.565840498 3550
1.578003998 3600
1.590167498 3650
1.602330998 3700
1.614494498 3750
1.626657998 3800
1.638821498 3850
1.650984998 3900
1.663148498 3950
1.675311998 4000
1.687475498 4050
1.699638998 4100
1.711802498 4150
1.723965998 4200
1.736129498 4250
1.748292998 4300
1.760456498 4350
1.772619998 4400
1.784783498 4450
1.796946998 4500
1.809107795 4550
1.821271295 4600
1.833434795 4650
1.845598295 4700
1.857761795 4750
1.869925295 4800
1.882088795 4850
1.894252295 4900
1.906415795 4950
1.918579295 5000
1.930742795 5050
1.942906295 5100
1.955069795 5150
1.967233295 5200
1.979396795 5250
1.991560295 5300
2.003723795 5350
2.015887295 5400
2.028050795 5450
2.040214295 5500
2.052377795 5550
2.064541295 5600
2.076704795 5650
2.088868296 5700
2.101031796 5750
2.113195296 5800
2.125358796 5850
2.137522296 5900
2.149685796 5950
2.161849296 6000
2.174012796 6050
2.186176296 6100
2.198339796 6150
2.210503296 6200
2.222666796 6250
2.234830296 6300
2.246993796 6350
2.259157296 6400
2.271320796 6450
2.283484296 6500
2.295647796 6550
2.307811296 6600
2.319974796 6650
2.332138296 6700
2.344301796 6750
2.356465296 6800
2.368628796 6850
2.380792296 6900
2.392955796 6950
2.405119296 7000
2.417282796 7050
2.429446296 7100
2.441609796 7150
2.453773296 7200
2.465936796 7250
2.478100296 7300
2.490263796 7350
2.502427296 7400
2.514590796 7450
2.526754296 7500
2.538917796 7550
2.551081296 7600
2.563244796 7650
2.575408296 7700
2.587571796 7750
2.599735296 7800
2.611898796 7850
2.624062296 7900
2.636225796 7950
2.648389296 8000
2.660552796 8050
2.672716296 8100
2.684879796 8150
2.697043296 8200
2.709206796 8250
2.721370296 8300
2.733533796 8350
2.745697296 8400
2.757860796 8450
2.770024296 8500
2.782187796 8550
2.794351296 8600
2.806514796 8650
2.818678296 8700
2.830841796 8750
2.843005296 8800
2.855168796 8850
2.867332296 8900
2.879495796 8950
2.891659296 9000
2.903822796 9050
2.915986296 9100
2.928149796 9150
2.940313296 9200
2.952476796 9250
2.964640296 9300
2.976803796 9350
2.988967296 9400
3.001130796 9450
3.013294296 9500
3.025457796 9550
3.037621296 9600
3.049784796 9650
3.061948296 9700
3.074111796 9750
3.086275296 9800
3.098438796 9850
3.110602296 9900
3.122765796 9950
3.134929296 10000
3.147092796 10050
3.159256296 10100
3.171419796 10150
3.183583296 10200
3.195746796 10250
3.207910296 10300
3.220073796 10350
3.232237296 10400
3.244400796 10450
3.256564296 10500
3.268727796 10550
3.280891296 10600
3.293054796 10650
3.305218296 10700
3.317381796 10750
3.329545296 10800
3.341708796 10850
3.353872296 10900
3.366035796 10950
3.378199296 11000
3.390362796 11050
3.402526296 11100
3.414689796 11150
3.426853296 11200
3.439016796 11250
3.451180296 11300
3.463343796 11350
3.475507296 11400
3.487670796 11450
3.499834296 11500
3.511997796 11550
3.524161296 11600
3.536324796 11650
3.548488296 11700
3.560651796 11750
3.572815296 11800
3.584978796 11850
3.597142296 11900
3.609305796 11950
3.621469296 12000
3.633632796 12050
3.645796296 12100
3.657959796 12150
3.670123296 12200
3.682286796 12250
3.694450296 12300
3.706613796 12350
3.718777296 12400
3.730940796 12450
3.743104296 12500
3.755267796 12550
3.767431296 12600
3.779594796 12650
3.791758296 12700
3.803921796 12750
3.816085296 12800
3.828248796 12850
3.840412296 12900
3.852575796 12950
3.864739296 13000
3.876902796 13050
3.889066296 13100
3.901229796 13150
3.913393296 13200
3.925556796 13250
3.937720296 13300
3.949883796 13350
3.962047296 13400
3.974210796 13450
3.986374296 13500
3.998537796 13550
4.010701296 13600
4.022864796 13650
4.035028296 13700
4.047191796 13750
4.059355296 13800
4.071518796 13850
4.083682296 13900
4.095845796 13950
4.108009296 14000
4.120172796 14050
4.132336296 14100
4.144499796 14150
4.156663296 14200
4.168826796 14250
4.180990296 14300
4.193153796 14350
4.205317296 14400
4.217480796 14450
4.229644296 14500
4.241807796 14550
4.253971296 14600
4.266134796 14650
4.278298296 14700
4.290461796 14750
4.302625296 14800
4.314788796 14850
4.326952296 14900
4.339115796 14950
4.351279296 15000
4.363442796 15050
4.375606296 15100
4.387769796 15150
4.399933296 15200
4.412096796 15250
4.424260296 15300
4.436423796 15350
4.448587296 15400
4.460750796 15450
4.472914296 15500
4.485077796 15550
4.497241296 15600
4.509404796 15650
4.521568296 15700
4.533731796 15750
4.545895296 15800
4.558058796 15850
4.570222296 15900
4.582385796 15950
4.594549296 16000
4.606712796 16050
4.618876296 16100
4.631039797 16150
4.643203297 16200
4.655366797 16250
4.667530297 16300
4.679693797 16350
4.691857297 16400
4.704020797 16450
4.716184297 16500
4.728347797 16550
4.740511297 16600
4.752674797 16650
4.764838297 16700
4.777001797 16750
4.789165297 16800
4.801328797 16850
4.813492297 16900
4.825655797 16950
4.837819297 17000
4.849982797 17050
4.862146297 17100
4.874309797 17150
4.886473297 17200
4.898636797 17250
4.910800297 17300
4.922963797 17350
4.935127297 17400
4.947290797 17450
4.959454297 17500
4.971617797 17550
4.983781297 17600
4.995944797 17650
5.008108297 17700
5.020271797 17750
5.032435297 17800
5.044598797 17850
5.056762297 17900
5.068925797 17950
5.081089297 18000
5.093252797 18050
5.105416297 18100
5.117579797 18150
5.129743297 18200
5.141906797 18250
5.154070297 18300
5.166233797 18350
5.178397297 18400
5.190560797 18450
5.202724297 18500
5.214887797 18550
5.227051297 18600
5.239214797 18650
5.251378297 18700
5.263541797 18750
5.275705297 18800
5.287868797 18850
5.300032297 18900
5.312195797 18950
5.324362000 19000
5.336525500 19050
5.348689000 19100
5.360852500 19150
5.373016000 19200
5.385179500 19250
5.397343000 19300
5.409506500 19350
5.421670000 19400
5.433833500 19450
5.445997000 19500
5.458160500 19550
5.470324000 19600
5.482487500 19650
5.494651000 19700
5.506814500 19750
5.518978000 19800
5.531141500 19850
5.543305000 19900
5.555468500 19950
5.567632000 20000
5.579795500 20050
5.591959000 20100
5.604122500 20150
5.616286000 20200
5.628449500 20250
5.640613000 20300
5.652776500 20350
5.664940000 20400
5.677103500 20450
5.689267000 20500
5.701430500 20550
5.713594000 20600
5.725757500 20650
5.737921000 20700
5.750084500 20750
5.762248000 20800
5.774411500 20850
5.786575000 20900
5.798738500 20950
5.810902000 21000
5.823065500 21050
5.835229000 21100
5.847392500 21150
5.859556000 21200
5.871719500 21250
5.883883000 21300
5.896046500 21350
5.908210000 21400
5.920373500 21450
5.932537000 21500
5.944700500 21550
5.956864000 21600
5.969027500 21650
5.981191000 21700
5.993354500 21750
6.005518000 21800
6.017681500 21850
6.029845000 21900
6.042008500 21950
6.054172000 22000
6.066335500 22050
6.078499000 22100
6.090662500 22150
6.102826000 22200
6.114989500 22250
6.127153000 22300
6.139316500 22350
6.151480000 22400
6.163643500 22450
6.175807000 22500
6.187970500 22550
6.200134000 22600
6.212297500 22650
6.224461000 22700
6.236624500 22750
6.248788000 22800
6.260951500 22850
6.273115000 22900
6.285278500 22950
6.297442000 23000
6.309605500 23050
6.321769000 23100
6.333932500 23150
6.346096000 23200
6.358259500 23250
6.370423000 23300
6.382586500 23350
6.394750000 23400
6.406913500 23450
6.419077000 23500
6.431240500 23550
6.443404000 23600
6.455567500 23650
6.467731000 23700
6.479894500 23750
6.492058000 23800
6.504221500 23850
6.516385000 23900
6.528548500 23950
6.540712000 24000
6.552875500 24050
6.565039000 24100
6.577202500 24150
6.589366000 24200
6.601529500 24250
6.613693000 24300
6.625856500 24350
6.638020000 24400
6.650183500 24450
6.662347000 24500
6.674510500 24550
6.686674000 24600
6.698837500 24650
6.711001000 24700
6.723164500 24750
6.735328000 24800
6.747491500 24850
6.759655000 24900
6.771818500 24950
6.783982000 25000
6.796145500 25050
6.808309000 25100
6.820472500 25150
6.832636000 25200
6.844799500 25250
6.856963000 25300
6.869126500 25350
6.881290000 25400
6.893453500 25450
6.905617000 25500
6.917780500 25550
6.929944000 25600
6.942107500 25650
6.954271000 25700
6.966434500 25750
6.978598000 25800
6.990761500 25850
7.002925000 25900
7.015088500 25950
7.027252000 26000
7.039415500 26050
7.051579000 26100
7.063742500 26150
7.075906000 26200
7.088069500 26250
7.100233000 26300
7.112396500 26350
7.124560000 26400
7.136723500 26450
7.148887000 26500
7.161050500 26550
7.173214000 26600
7.185380203 26650
7.197543703 26700
7.209707203 26750
7.221870703 26800
7.234034203 26850
7.246197703 26900
7.258361203 26950
7.270524703 27000
7.282688203 27050
7.294851703 27100
7.307015203 27150
7.319178703 27200
7.331342203 27250
7.343505703 27300
7.355669203 27350
7.367832703 27400
7.379996203 27450
7.392159703 27500
7.404323203 27550
7.416486703 27600
7.428650203 27650
7.440813703 27700
7.452977203 27750
7.465140703 27800
7.477304203 27850
7.489467703 27900
7.501631203 27950
7.513794703 28000
7.525958203 28050
7.538121703 28100
7.550285203 28150
7.562448703 28200
7.574612203 28250
7.586775703 28300
7.598939203 28350
7.611102703 28400
7.623266203 28450
7.635429703 28500
7.647593203 28550
7.659756703 28600
7.671920203 28650
7.684083703 28700
7.696247203 28750
7.708410703 28800
7.720574203 28850
7.732737703 28900
7.744901203 28950
7.757064703 29000
7.769228203 29050
7.781391703 29100
7.793555203 29150
7.805718703 29200
7.817882203 29250
7.830045703 29300
7.842209203 29350
7.854372703 29400
7.866536203 29450
7.878699703 29500
7.890863203 29550
7.903026703 29600
7.915190203 29650
7.927353703 29700
7.939517203 29750
7.951680703 29800
7.963844203 29850
7.976007703 29900
7.988171203 29950
8.000334703 30000
8.012498203 30050
8.024661703 30100
8.036825203 30150
8.048988703 30200
8.061152203 30250
8.073315703 30300
8.085479203 30350
8.097642703 30400
8.109806203 30450
8.121969703 30500
8.134133203 30550
8.146296703 30600
8.158460203 30650
8.170623703 30700
8.182787203 30750
8.194950703 30800
8.207114203 30850
8.219277703 30900
8.231441202 30950
8.243604702 31000
8.255768202 31050
8.267931702 31100
8.280095202 31150
8.292258702 31200
8.304422202 31250
8.316585702 31300
8.328749202 31350
8.340912702 31400
8.353076202 31450
8.365239702 31500
8.377403202 31550
8.389566702 31600
8.401730202 31650
8.413893702 31700
8.426057202 31750
8.438220702 31800
8.450384202 31850
8.462547702 31900
8.474711202 31950
8.486874702 32000
8.499038202 32050
8.511201702 32100
8.523365202 32150
8.535528702 32200
8.547692202 32250
8.559855702 32300
8.572019202 32350
8.584182702 32400
8.596346202 32450
8.608509702 32500
8.620673202 32550
8.632836702 32600
8.645000202 32650
8.657163702 32700
8.669327202 32750
8.681490702 32800
8.693654202 32850
8.705817702 32900
8.717981202 32950
8.730144702 33000
8.742308202 33050
8.754471702 33100
8.766635202 33150
8.778798702 33200
8.790962202 33250
8.803125702 33300
8.815289202 33350
8.827452702 33400
8.839616202 33450
8.851779702 33500
8.863943202 33550
8.876106702 33600
8.888270202 33650
8.900433702 33700
8.912597202 33750
8.924760702 33800
8.936924202 33850
8.949087702 33900
8.961251202 33950
8.973414702 34000
8.985578202 34050
8.997741702 34100
9.009905202 34150
9.022068702 34200
9.034232202 34250
9.046395702 34300
9.058559202 34350
9.070722702 34400
9.082886202 34450
9.095049702 34500
9.107213202 34550
9.119376702 34600
9.131540202 34650
9.143703702 34700
9.155867202 34750
9.168030702 34800
9.180194202 34850
9.192357702 34900
9.204521202 34950
9.216684702 35000
9.228848202 35050
9.241011702 35100
9.253175202 35150
9.265338701 35200
9.277502201 35250
9.289665701 35300
9.301829201 35350
9.313992701 35400
9.326156201 35450
9.338319701 35500
9.350483201 35550
9.362646701 35600
9.374810201 35650
9.386973701 35700
9.399137201 35750
9.411300701 35800
9.423464201 35850
9.435627701 35900
9.447791201 35950
9.459954701 36000
9.472118201 36050
9.484281701 36100
9.496445201 36150
9.508608701 36200
9.520772201 36250
9.532935701 36300
9.545099201 36350
9.557262701 36400
9.569426201 36450
9.581589701 36500
9.593753201 36550
9.605916701 36600
9.618080201 36650
9.630243701 36700
9.642407201 36750
9.654570701 36800
9.666734201 36850
9.678897701 36900
9.691061201 36950
9.703224701 37000
9.715388201 37050
9.727551701 37100
9.739715201 37150
9.751878701 37200
9.764042201 37250
9.776205701 37300
9.788369201 37350
9.800532701 37400
9.812696201 37450
9.824859701 37500
9.837023201 37550
9.849186701 37600
9.861350201 37650
9.873513701 37700
9.885677201 37750
9.897840701 37800
9.910004201 37850
9.922167701 37900
9.934331201 37950
9.946494701 38000
9.958658201 38050
9.970821701 38100
9.982985201 38150
9.995148701 38200
10.00731220 38250
10.01947570 38300
10.03163920 38350
10.04380270 38400
10.05596620 38450
10.06812970 38500
10.08029320 38550
10.09245670 38600
10.10462020 38650
10.11678370 38700
10.12894720 38750
10.14111070 38800
10.15327420 38850
10.16543770 38900
10.17760120 38950
10.18976470 39000
10.20192820 39050
10.21409170 39100
10.22625520 39150
10.23841870 39200
10.25058220 39250
10.26274570 39300
10.27490920 39350
10.28707270 39400
10.29923620 39450
10.31139970 39500
10.32356320 39550
10.33572670 39600
10.34789020 39650
10.36005370 39700
10.37221720 39750
10.38438070 39800
10.39654420 39850
10.40870770 39900
10.42087120 39950
10.43303470 40000
10.44519820 40050
10.45736170 40100
10.46952520 40150
10.48168870 40200
10.49385220 40250
10.50601570 40300
10.51817920 40350
10.53034270 40400
10.54250620 40450
10.55466970 40500
10.56683320 40550
10.57899670 40600
10.59116020 40650
10.60332370 40700
10.61548720 40750
10.62765070 40800
10.63981420 40850
10.65197770 40900
10.66414120 40950
10.67630470 41000
10.68846820 41050
10.70063170 41100
10.71279520 41150
10.72495870 41200
10.73712220 41250
10.74928570 41300
10.76144920 41350
10.77361270 41400
10.78577620 41450
10.79793970 41500
10.81010320 41550
10.82226670 41600
10.83443020 41650
10.84659370 41700
10.85875720 41750
10.87092070 41800
10.88308420 41850
10.89524770 41900
10.90741120 41950
10.91957470 42000
10.93173820 42050
10.94390170 42100
10.95606520 42150
10.96822870 42200
10.98039220 42250
10.99255570 42300
11.00471920 42350
11.01688270 42400
11.02904620 42450
11.04120970 42500
11.05337320 42550
11.06553670 42600
11.07770020 42650
11.08986370 42700
11.10202720 42750
11.11419070 42800
11.12635420 42850
11.13851770 42900
11.15068120 42950
11.16284470 43000
11.17500820 43050
11.18717170 43100
11.19933520 43150
11.21149870 43200
11.22366220 43250
11.23582570 43300
11.24798920 43350
11.26015270 43400
11.27231620 43450
11.28447970 43500
11.29664320 43550
11.30880670 43600
11.32097020 43650
11.33313370 43700
11.34529720 43750
11.35746070 43800
11.36962420 43850
11.38178770 43900
11.39395120 43950
11.40611470 44000
11.41827820 44050
11.43044170 44100
11.44260520 44150
11.45476870 44200
11.46693220 44250
11.47909570 44300
11.49125920 44350
11.50342270 44400
11.51558620 44450
11.52774970 44500
11.53991320 44550
11.55207670 44600
11.56424020 44650
11.57640370 44700
11.58856720 44750
11.60073070 44800
11.61289420 44850
11.62505770 44900
11.63722120 44950
11.64938470 45000
11.66154820 45050
11.67371170 45100
11.68587520 45150
11.69803870 45200
11.71020220 45250
11.72236570 45300
11.73452920 45350
11.74669270 45400
11.75885620 45450
11.77101970 45500
11.78318320 45550
11.79534670 45600
11.80751020 45650
11.81967370 45700
11.83183720 45750
11.84400070 45800
11.85616420 45850
11.86832770 45900
11.88049120 45950
11.89265470 46000
11.90481820 46050
11.91698170 46100
11.92914520 46150
11.94130870 46200
11.95347220 46250
11.96563570 46300
11.97779920 46350
11.98996270 46400
12.00212620 46450
12.01428970 46500
12.02645320 46550
12.03861670 46600
12.05078020 46650
12.06294370 46700
12.07510720 46750
12.08727070 46800
12.09943420 46850
12.11159770 46900
12.12376120 46950
12.13592470 47000
12.14808820 47050
12.16025170 47100
12.17241520 47150
12.18457870 47200
12.19674220 47250
12.20890570 47300
12.22106920 47350
12.23323270 47400
12.24539620 47450
12.25755970 47500
12.26972320 47550
12.28188670 47600
12.29405020 47650
12.30621370 47700
12.31837720 47750
12.33054070 47800
12.34270420 47850
12.35486770 47900
12.36703120 47950
12.37919470 48000
12.39135820 48050
12.40352170 48100
12.41568520 48150
12.42784870 48200
12.44001220 48250
12.45217570 48300
12.46433920 48350
12.47650270 48400
12.48866620 48450
12.50082970 48500
12.51299320 48550
12.52515670 48600
12.53732020 48650
12.54948370 48700
12.56164720 48750
12.57381070 48800
12.58597420 48850
12.59813770 48900
12.61030120 48950
12.62246470 49000
12.63462819 49050
12.64679169 49100
12.65895519 49150
12.67111869 49200
12.68328219 49250
12.69544569 49300
12.70760919 49350
12.71977269 49400
12.73193619 49450
12.74409969 49500
12.75626319 49550
12.76842669 49600
12.78059019 49650
12.79275369 49700
12.80491719 49750
12.81708069 49800
12.82924419 49850
12.84140769 49900
12.85357119 49950
12.86573469 50000
12.87789819 50050
12.89006169 50100
12.90222519 50150
12.91438869 50200
12.92655219 50250
12.93871569 50300
12.95087919 50350
12.96304269 50400
12.97520619 50450
12.98736969 50500
12.99953319 50550
13.01169669 50600
13.02386019 50650
13.03602369 50700
13.04818719 50750
13.06035069 50800
13.07251419 50850
13.08467769 50900
13.09684119 50950
13.10900469 51000
13.12116819 51050
13.13333169 51100
13.14549519 51150
13.15765869 51200
13.16982219 51250
13.18198569 51300
13.19414919 51350
13.20631269 51400
13.21847619 51450
13.23063969 51500
13.24280319 51550
13.25496669 51600
13.26713019 51650
13.27929369 51700
13.29145719 51750
13.30362069 51800
13.31578419 51850
13.32794769 51900
13.34011119 51950
13.35227469 52000
13.36443819 52050
13.37660169 52100
13.38876519 52150
13.40092869 52200
13.41309219 52250
13.42525569 52300
13.43741919 52350
13.44958269 52400
13.46174619 52450
13.47390969 52500
13.48607319 52550
13.49823669 52600
13.51040019 52650
13.52256369 52700
13.53472719 52750
13.54689069 52800
13.55905419 52850
13.57121769 52900
13.58338119 52950
13.59554469 53000
13.60770819 53050
13.61987169 53100
13.63203519 53150
13.64419869 53200
13.65636219 53250
13.66852569 53300
13.68068919 53350
13.69285269 53400
13.70501619 53450
13.71717969 53500
13.72934319 53550
13.74150669 53600
13.75367019 53650
13.76583369 53700
13.77799719 53750
13.79016069 53800
13.80232419 53850
13.81448769 53900
13.82665119 53950
13.83881469 54000
13.85097819 54050
13.86314169 54100
13.87530519 54150
13.88746869 54200
13.89963219 54250
13.91179569 54300
13.92395919 54350
13.93612269 54400
13.94828619 54450
13.96044969 54500
13.97261319 54550
13.98477669 54600
13.99694019 54650
14.00910369 54700
14.02126719 54750
14.03343069 54800
14.04559419 54850
14.05775769 54900
14.06992119 54950
14.08208469 55000
14.09424819 55050
14.10641169 55100
14.11857519 55150
14.13073869 55200
14.14290219 55250
14.15506569 55300
14.16722919 55350
14.17939269 55400
14.19155619 55450
14.20371969 55500
14.21588319 55550
14.22804669 55600
14.24021019 55650
14.25237369 55700
14.26453719 55750
14.27670069 55800
14.28886419 55850
14.30102769 55900
14.31319119 55950
14.32535469 56000
14.33751819 56050
14.34968169 56100
14.36184519 56150
14.37400869 56200
14.38617219 56250
14.39833569 56300
14.41049919 56350
14.42266269 56400
14.43482619 56450
14.44698969 56500
14.45915319 56550
14.47131669 56600
14.48348019 56650
14.49564369 56700
14.50780719 56750
14.51997069 56800
14.53213419 56850
14.54429769 56900
14.55646119 56950
14.56862469 57000
14.58078819 57050
14.59295169 57100
14.60511519 57150
14.61727869 57200
14.62944219 57250
14.64160569 57300
14.65376919 57350
14.66593269 57400
14.67809619 57450
14.69025969 57500
14.70242319 57550
14.71458669 57600
14.72675019 57650
14.73891369 57700
14.75107719 57750
14.76324069 57800
14.77540419 57850
14.78756769 57900
14.79973119 57950
14.81189469 58000
14.82405819 58050
14.83622169 58100
14.84838519 58150
14.86054869 58200
14.87271219 58250
14.88487569 58300
14.89703919 58350
14.90920269 58400
14.92136619 58450
14.93352969 58500
14.94569319 58550
14.95785669 58600
14.97002019 58650
14.98218369 58700
14.99434719 58750
15.00651069 58800
15.01867419 58850
15.03083769 58900
15.04300119 58950
15.05516469 59000
15.06732819 59050
15.07949169 59100
15.09165519 59150
15.10381869 59200
15.11598219 59250
15.12814569 59300
15.14030919 59350
15.15247269 59400
15.16463619 59450
15.17679969 59500
15.18896319 59550
15.20112669 59600
15.21329019 59650
15.22545369 59700
15.23761719 59750
15.24978069 59800
15.26194419 59850
15.27410769 59900
15.28627119 59950
15.29843469 60000
15.31059819 60050
15.32276169 60100
15.33492519 60150
15.34708869 60200
15.35925219 60250
15.37141569 60300
15.38357919 60350
15.39574269 60400
15.40790619 60450
15.42006969 60500
15.43223319 60550
15.44439669 60600
15.45656019 60650
15.46872369 60700
15.48088719 60750
15.49305069 60800
15.50521419 60850
15.51737769 60900
15.52954119 60950
15.54170469 61000
15.55386819 61050
15.56603169 61100
15.57819519 61150
15.59035869 61200
15.60252219 61250
15.61468569 61300
15.62684919 61350
15.63901269 61400
15.65117619 61450
15.66333969 61500
15.67550319 61550
15.68766669 61600
15.69983019 61650
15.71199369 61700
15.72415719 61750
15.73632069 61800
15.74848419 61850
15.76064769 61900
15.77281119 61950
15.78497469 62000
15.79713819 62050
15.80930169 62100
15.82146519 62150
15.83362869 62200
15.84579219 62250
15.85795569 62300
15.87011919 62350
15.88228269 62400
15.89444619 62450
15.90660969 62500
15.91877319 62550
15.93093669 62600
15.94310019 62650
15.95526369 62700
15.96742719 62750
15.97959069 62800
15.99175419 62850
16.00391769 62900
16.01608119 62950
16.02824469 63000
16.04040819 63050
16.05257169 63100
16.06473519 63150
16.07689869 63200
16.08906219 63250
16.10122569 63300
16.11338919 63350
16.12555269 63400
16.13771619 63450
16.14987969 63500
16.16204319 63550
16.17420669 63600
16.18637019 63650
16.19853369 63700
16.21069719 63750
16.22286069 63800
16.23502419 63850
16.24718769 63900
16.25935119 63950
16.27151469 64000
16.28367819 64050
16.29584169 64100
16.30800519 64150
16.32016869 64200
16.33233219 64250
16.34449569 64300
16.35665919 64350
16.36882269 64400
16.38098619 64450
16.39314969 64500
16.40531319 64550
16.41747670 64600
16.42964020 64650
16.44180370 64700
16.45396720 64750
16.46613070 64800
16.47829420 64850
16.49045769 64900
16.50262119 64950
16.51478469 65000
16.52694819 65050
16.53911169 65100
16.55127519 65150
16.56343869 65200
16.57560219 65250
16.58776569 65300
16.59992919 65350
16.61209269 65400
16.62425619 65450
16.63641969 65500
16.64858319 65550
16.66074669 65600
16.67291019 65650
16.68507369 65700
16.69723719 65750
16.70940069 65800
16.72156419 65850
16.73372769 65900
16.74589119 65950
16.75805469 66000
16.77021819 66050
16.78238169 66100
16.79454519 66150
16.80670869 66200
16.81887219 66250
16.83103569 66300
16.84319919 66350
16.85536269 66400
16.86752619 66450
16.87968969 66500
16.89185319 66550
16.90401669 66600
16.91618019 66650
16.92834369 66700
16.94050719 66750
16.95267069 66800
16.96483419 66850
16.97699769 66900
16.98916119 66950
17.00132469 67000
17.01348819 67050
17.02565169 67100
17.03781519 67150
17.04997869 67200
17.06214219 67250
17.07430569 67300
17.08646919 67350
17.09863269 67400
17.11079619 67450
17.12295969 67500
17.13512319 67550
17.14728669 67600
17.15945019 67650
17.17161369 67700
17.18377719 67750
17.19594069 67800
17.20810419 67850
17.22026769 67900
17.23243119 67950
17.24459469 68000
17.25675819 68050
17.26892169 68100
17.28108519 68150
17.29324869 68200
17.30541219 68250
17.31757569 68300
17.32973919 68350
17.34190269 68400
17.35406619 68450
17.36622969 68500
17.37839319 68550
17.39055669 68600
17.40272019 68650
17.41488369 68700
17.42704719 68750
17.43921069 68800
17.45137419 68850
17.46353769 68900
17.47570119 68950
17.48786469 69000
17.50002819 69050
17.51219169 69100
17.52435519 69150
17.53651869 69200
17.54868219 69250
17.56084569 69300
17.57300919 69350
17.58517269 69400
17.59733619 69450
17.60949969 69500
17.62166319 69550
17.63382669 69600
17.64599019 69650
17.65815369 69700
17.67031719 69750
17.68248069 69800
17.69464419 69850
17.70680769 69900
17.71897119 69950
17.73113469 70000
17.74329819 70050
17.75546169 70100
17.76762519 70150
17.77978869 70200
17.79195219 70250
17.80411569 70300
17.81627919 70350
17.82844269 70400
17.84060619 70450
17.85276969 70500
17.86493319 70550
17.87709669 70600
17.88926019 70650
17.90142369 70700
17.91358719 70750
17.92575069 70800
17.93791419 70850
17.95007769 70900
17.96224119 70950
17.97440469 71000
17.98656819 71050
17.99873169 71100
18.01089519 71150
18.02305869 71200
18.03522219 71250
18.04738569 71300
18.05954919 71350
18.07171269 71400
18.08387619 71450
18.09603969 71500
18.10820319 71550
18.12036669 71600
18.13253019 71650
18.14469369 71700
18.15685719 71750
18.16902069 71800
18.18118419 71850
18.19334769 71900
18.20551119 71950
18.21767469 72000
18.22983819 72050
18.24200169 72100
18.25416519 72150
18.26632869 72200
18.27849219 72250
18.29065569 72300
18.30281919 72350
18.31498269 72400
18.32714619 72450
18.33930969 72500
18.35147319 72550
18.36363669 72600
18.37580019 72650
18.38796369 72700
18.40012719 72750
18.41229069 72800
18.42445419 72850
18.43661769 72900
18.44878120 72950
18.46094470 73000
18.47310820 73050
18.48527170 73100
18.49743520 73150
18.50959870 73200
18.52176220 73250
18.53392570 73300
18.54608920 73350
18.55825270 73400
18.57041620 73450
18.58257970 73500
18.59474320 73550
18.60690670 73600
18.61907020 73650
18.63123370 73700
18.64339720 73750
18.65556070 73800
18.66772420 73850
18.67988770 73900
18.69205120 73950
18.70421470 74000
18.71637820 74050
18.72854170 74100
18.74070520 74150
18.75286870 74200
18.76503220 74250
18.77719570 74300
18.78935920 74350
18.80152270 74400
18.81368620 74450
18.82584970 74500
18.83801320 74550
18.85017670 74600
18.86234020 74650
18.87450370 74700
18.88666720 74750
18.89883070 74800
18.91099420 74850
18.92315770 74900
18.93532120 74950
18.94748470 75000
18.95964820 75050
18.97181170 75100
18.98397520 75150
18.99613870 75200
19.00830220 75250
19.02046570 75300
19.03262920 75350
19.04479270 75400
19.05695620 75450
19.06911970 75500
19.08128320 75550
19.09344670 75600
19.10561020 75650
19.11777370 75700
19.12993720 75750
19.14210070 75800
19.15426420 75850
19.16642770 75900
19.17859120 75950
19.19075470 76000
19.20291820 76050
19.21508170 76100
19.22724520 76150
19.23940870 76200
19.25157220 76250
19.26373570 76300
19.27589920 76350
19.28806270 76400
19.30022620 76450
19.31238970 76500
19.32455320 76550
19.33671670 76600
19.34888020 76650
19.36104370 76700
19.37320720 76750
19.38536799 76800
19.39753149 76850
19.40969499 76900
19.42185849 76950
19.43402199 77000
19.44618549 77050
19.45834899 77100
19.47051249 77150
19.48267599 77200
19.49483949 77250
19.50700299 77300
19.51916649 77350
19.53132999 77400
19.54349349 77450
19.55565699 77500
19.56782049 77550
19.57998399 77600
19.59214749 77650
19.60431099 77700
19.61647449 77750
19.62863799 77800
19.64080149 77850
19.65296499 77900
19.66512849 77950
19.67729199 78000
19.68945549 78050
19.70161899 78100
19.71378249 78150
19.72594599 78200
19.73810949 78250
19.75027299 78300
19.76243649 78350
19.77459999 78400
19.78676349 78450
19.79892699 78500
19.81109049 78550
19.82325399 78600
19.83541749 78650
19.84758099 78700
19.85974449 78750
19.87190799 78800
19.88407149 78850
19.89623499 78900
19.90839849 78950
19.92056199 79000
19.93272549 79050
19.94488899 79100
19.95705249 79150
19.96921599 79200
19.98137949 79250
19.99354299 79300
20.00570649 79350
20.01786999 79400
20.03003349 79450
20.04219699 79500
20.05436049 79550
20.06652399 79600
20.07868749 79650
20.09085099 79700
20.10301449 79750
20.11517799 79800
20.12734149 79850
20.13950499 79900
20.15166849 79950
20.16383199 80000
20.17599549 80050
20.18815899 80100
20.20032249 80150
20.21248599 80200
20.22464949 80250
20.23681299 80300
20.24897649 80350
20.26113999 80400
20.27330349 80450
20.28546699 80500
20.29763049 80550
20.30979399 80600
20.32195749 80650
20.33412099 80700
20.34628449 80750
20.35844799 80800
20.37061149 80850
20.38277499 80900
20.39493849 80950
20.40710199 81000
20.41926549 81050
20.43142899 81100
20.44359249 81150
20.45575599 81200
20.46791949 81250
20.48008299 81300
20.49224649 81350
20.50440999 81400
20.51657349 81450
20.52873699 81500
20.54090049 81550
20.55306399 81600
20.56522749 81650
20.57739099 81700
20.58955449 81750
20.60171799 81800
20.61388149 81850
20.62604499 81900
20.63820849 81950
20.65037199 82000
20.66253549 82050
20.67469899 82100
20.68686249 82150
20.69902599 82200
20.71118949 82250
20.72335299 82300
20.73551649 82350
20.74767999 82400
20.75984349 82450
20.77200699 82500
20.78417049 82550
20.79633399 82600
20.80849749 82650
20.82066099 82700
20.83282449 82750
20.84498799 82800
20.85715149 82850
20.86931499 82900
20.88147849 82950
20.89364199 83000
20.90580549 83050
20.91796899 83100
20.93013249 83150
20.94229599 83200
20.95445949 83250
20.96662299 83300
20.97878649 83350
20.99094999 83400
21.00311349 83450
21.01527699 83500
21.02744049 83550
21.03960399 83600
21.05176749 83650
21.06393099 83700
21.07609449 83750
21.08825799 83800
21.10042149 83850
21.11258499 83900
21.12474849 83950
21.13691199 84000
21.14907549 84050
21.16123899 84100
21.17340249 84150
21.18556599 84200
21.19772949 84250
21.20989299 84300
21.22205649 84350
21.23421999 84400
21.24638349 84450
21.25854699 84500
21.27071049 84550
21.28287399 84600
21.29503749 84650
21.30720099 84700
21.31936449 84750
21.33152799 84800
21.34369149 84850
21.35585499 84900
21.36801849 84950
21.38018199 85000
21.39234549 85050
21.40450899 85100
21.41667249 85150
21.42883599 85200
21.44099949 85250
21.45316299 85300
21.46532649 85350
21.47748999 85400
21.48965349 85450
21.50181699 85500
21.51398049 85550
21.52614399 85600
21.53830749 85650
21.55047099 85700
21.56263449 85750
21.57479799 85800
21.58696149 85850
21.59912499 85900
21.61128849 85950
21.62345199 86000
21.63561549 86050
21.64777899 86100
21.65994249 86150
21.67210599 86200
21.68426949 86250
21.69643299 86300
21.70859649 86350
21.72075999 86400
21.73292349 86450
21.74508699 86500
21.75725049 86550
21.76941399 86600
21.78157749 86650
21.79374099 86700
21.80590449 86750
21.81806799 86800
21.83023149 86850
21.84239499 86900
21.85455849 86950
21.86672199 87000
21.87888549 87050
21.89104899 87100
21.90321249 87150
21.91537599 87200
21.92753949 87250
21.93970299 87300
21.95186649 87350
21.96402999 87400
21.97619349 87450
21.98835699 87500
22.00052049 87550
22.01268399 87600
22.02484749 87650
22.03701099 87700
22.04917449 87750
22.06133799 87800
22.07350149 87850
22.08566499 87900
22.09782849 87950
22.10999199 88000
22.12215549 88050
22.13431899 88100
22.14648249 88150
22.15864599 88200
22.17080949 88250
22.18297299 88300
22.19513649 88350
22.20729999 88400
22.21946349 88450
22.23162699 88500
22.24379049 88550
22.25595399 88600
22.26811749 88650
22.28028099 88700
22.29244449 88750
22.30460799 88800
22.31677149 88850
22.32893499 88900
22.34109849 88950
22.35326199 89000
22.36542549 89050
22.37758899 89100
22.38975249 89150
22.40191599 89200
22.41407949 89250
22.42624299 89300
22.43840649 89350
22.45056999 89400
22.46273349 89450
22.47489699 89500
22.48706049 89550
22.49922399 89600
22.51138749 89650
22.52355099 89700
22.53571449 89750
22.54787799 89800
22.56004149 89850
22.57220499 89900
22.58436849 89950
22.59653199 90000
22.60869549 90050
22.62085899 90100
22.63302249 90150
22.64518599 90200
22.65734949 90250
22.66951299 90300
22.68167649 90350
22.69383999 90400
22.70600349 90450
22.71816699 90500
22.73033049 90550
22.74249399 90600
22.75465749 90650
22.76682099 90700
22.77898449 90750
22.79114799 90800
22.80331149 90850
22.81547499 90900
22.82763849 90950
22.83980199 91000
22.85196549 91050
22.86412899 91100
22.87629249 91150
22.88845599 91200
22.90061949 91250
22.91278299 91300
22.92494649 91350
22.93710999 91400
22.94927349 91450
22.96143699 91500
22.97360049 91550
22.98576399 91600
22.99792749 91650
23.01009099 91700
23.02225449 91750
23.03441799 91800
23.04658149 91850
23.05874499 91900
23.07090849 91950
23.08307199 92000
23.09523549 92050
23.10739899 92100
23.11956249 92150
23.13172599 92200
23.14388949 92250
23.15605299 92300
23.16821649 92350
23.18037999 92400
23.19254349 92450
23.20470699 92500
23.21687049 92550
23.22903399 92600
23.24119749 92650
23.25336099 92700
23.26552449 92750
23.27768799 92800
23.28985149 92850
23.30201499 92900
23.31417849 92950
23.32634199 93000
23.33850549 93050
23.35066899 93100
23.36283249 93150
23.37499599 93200
23.38715949 93250
23.39932299 93300
23.41148649 93350
23.42364999 93400
23.43581349 93450
23.44797699 93500
23.46014049 93550
23.47230399 93600
23.48446749 93650
23.49663099 93700
23.50879449 93750
23.52095799 93800
23.53312149 93850
23.54528499 93900
23.55744849 93950
23.56961199 94000
23.58177549 94050
23.59393899 94100
23.60610249 94150
23.61826599 94200
23.63042949 94250
23.64259299 94300
23.65475649 94350
23.66691999 94400
23.67908349 94450
23.69124699 94500
23.70341049 94550
23.71557399 94600
23.72773749 94650
23.73990099 94700
23.75206449 94750
23.76422799 94800
23.77639149 94850
23.78855499 94900
23.80071849 94950
23.81288199 95000
23.82504549 95050
23.83720899 95100
23.84937249 95150
23.86153599 95200
23.87369949 95250
23.88586299 95300
23.89802649 95350
23.91018999 95400
23.92235349 95450
23.93451699 95500
23.94668049 95550
23.95884399 95600
23.97100749 95650
23.98317099 95700
23.99533449 95750
24.00749799 95800
24.01966149 95850
24.03182499 95900
24.04398849 95950
24.05615199 96000
24.06831549 96050
24.08047899 96100
24.09264249 96150
24.10480599 96200
24.11696949 96250
24.12913299 96300
24.14129649 96350
24.15345999 96400
24.16562349 96450
24.17778699 96500
24.18995049 96550
24.20211399 96600
24.21427749 96650
24.22644099 96700
24.23860449 96750
24.25076799 96800
24.26293149 96850
24.27509499 96900
24.28725849 96950
24.29942199 97000
24.31158549 97050
24.32374899 97100
24.33591249 97150
24.34807599 97200
24.36023949 97250
24.37240299 97300
24.38456649 97350
24.39672999 97400
24.40889349 97450
24.42105699 97500
24.43322049 97550
24.44538399 97600
24.45754749 97650
24.46971099 97700
24.48187449 97750
24.49403799 97800
24.50620149 97850
24.51836499 97900
24.53052849 97950
24.54269199 98000
24.55485549 98050
24.56701899 98100
24.57918249 98150
24.59134599 98200
24.60350949 98250
24.61567299 98300
24.62783649 98350
24.63999999 98400
24.65216349 98450
24.66432699 98500
24.67649049 98550
24.68865399 98600
24.70081749 98650
24.71298099 98700
24.72514449 98750
24.73730799 98800
24.74947149 98850
24.76163499 98900
24.77379849 98950
24.78596199 99000
24.79812549 99050
24.81028899 99100
24.82245249 99150
24.83461599 99200
24.84677949 99250
24.85894299 99300
24.87110649 99350
24.88326999 99400
24.89543349 99450
24.90759699 99500
24.91976049 99550
24.93192399 99600
24.94408749 99650
24.95625099 99700
24.96841449 99750
24.98057799 99800
24.99274149 99850
25.00490499 99900
25.01706849 99950
25.02923199 100000
25.04139549 100050
25.05355899 100100
25.06572249 100150
25.07788599 100200
25.09004949 100250
25.10221299 100300
25.11437649 100350
25.12653999 100400
25.13870349 100450
25.15086699 100500
25.16303049 100550
25.17519399 100600
25.18735749 100650
25.19952099 100700
25.21168449 100750
25.22384799 100800
25.23601149 100850
25.24817499 100900
25.26033849 100950
25.27250199 101000
25.28466549 101050
25.29682899 101100
25.30899249 101150
25.32115599 101200
25.33331949 101250
25.34548299 101300
25.35764649 101350
25.36980999 101400
25.38197349 101450
25.39413699 101500
25.40630049 101550
25.41846399 101600
25.43062749 101650
25.44279099 101700
25.45495449 101750
25.46711799 101800
25.47928149 101850
25.49144499 101900
25.50360849 101950
25.51577199 102000
25.52793549 102050
25.54009899 102100
25.55226249 102150
25.56442599 102200
25.57658949 102250
25.58875299 102300
25.60091649 102350
25.61307999 102400
25.62524349 102450
25.63740699 102500
25.64957049 102550
25.66173399 102600
25.67389749 102650
25.68606099 102700
25.69822449 102750
25.71038799 102800
25.72255149 102850
25.73471499 102900
25.74687849 102950
25.75904199 103000
25.77120549 103050
25.78336899 103100
25.79553249 103150
25.80769599 103200
25.81985949 103250
25.83202299 103300
25.84418649 103350
25.85634999 103400
25.86851349 103450
25.88067699 103500
25.89284049 103550
25.90500399 103600
25.91716749 103650
25.92933099 103700
25.94149449 103750
25.95365799 103800
25.96582149 103850
25.97798499 103900
25.99014849 103950
26.00231199 104000
26.01447549 104050
26.02663899 104100
26.03880249 104150
26.05096599 104200
26.06312949 104250
26.07529299 104300
26.08745649 104350
26.09961999 104400
26.11178349 104450
26.12394699 104500
26.13611049 104550
26.14827399 104600
26.16043749 104650
26.17260099 104700
26.18476449 104750
26.19692799 104800
26.20909149 104850
26.22125499 104900
26.23341849 104950
26.24558199 105000
26.25774549 105050
26.26990899 105100
26.28207249 105150
26.29423599 105200
26.30639949 105250
26.31856299 105300
26.33072649 105350
26.34288999 105400
26.35505349 105450
26.36721699 105500
26.37938049 105550
26.39154399 105600
26.40370749 105650
26.41587099 105700
26.42803449 105750
26.44019799 105800
26.45236149 105850
26.46452499 105900
26.47668849 105950
26.48885199 106000
26.50101549 106050
26.51317899 106100
26.52534249 106150
26.53750599 106200
26.54966949 106250
26.56183299 106300
26.57399649 106350
26.58615999 106400
26.59832349 106450
26.61048699 106500
26.62265049 106550
26.63481399 106600
26.64697749 106650
26.65914099 106700
26.67130449 106750
26.68346799 106800
26.69563149 106850
26.70779499 106900
26.71995849 106950
26.73212199 107000
26.74428549 107050
26.75644899 107100
26.76861249 107150
26.78077599 107200
26.79293949 107250
26.80510299 107300
26.81726649 107350
26.82942999 107400
26.84159349 107450
26.85375699 107500
26.86591779 107550
26.87808129 107600
26.89024479 107650
26.90240829 107700
26.91457179 107750
26.92673529 107800
26.93889879 107850
26.95106229 107900
26.96322579 107950
26.97538929 108000
26.98755279 108050
26.99971629 108100
27.01187979 108150
27.02404329 108200
27.03620679 108250
27.04837029 108300
27.06053379 108350
27.07269729 108400
27.08486079 108450
27.09702429 108500
27.10918779 108550
27.12135129 108600
27.13351479 108650
27.14567829 108700
27.15784179 108750
27.17000529 108800
27.18216879 108850
27.19433229 108900
27.20649579 108950
27.21865929 109000
27.23082279 109050
27.24298629 109100
27.25514979 109150
27.26731329 109200
27.27947679 109250
27.29164029 109300
27.30380379 109350
27.31596729 109400
27.32813079 109450
27.34029429 109500
27.35245779 109550
27.36462129 109600
27.37678479 109650
27.38894829 109700
27.40111179 109750
27.41327529 109800
27.42543879 109850
27.43760229 109900
27.44976579 109950
27.46192929 110000
27.47409279 110050
27.48625629 110100
27.49841979 110150
27.51058329 110200
27.52274679 110250
27.53491029 110300
27.54707379 110350
27.55923729 110400
27.57140079 110450
27.58356429 110500
27.59572779 110550
27.60789129 110600
27.62005479 110650
27.63221829 110700
27.64438179 110750
27.65654529 110800
27.66870879 110850
27.68087229 110900
27.69303579 110950
27.70519929 111000
27.71736279 111050
27.72952629 111100
27.74168979 111150
27.75385329 111200
27.76601679 111250
27.77818029 111300
27.79034379 111350
27.80250729 111400
27.81467079 111450
27.82683429 111500
27.83899779 111550
27.85116129 111600
27.86332479 111650
27.87548829 111700
27.88765179 111750
27.89981529 111800
27.91197879 111850
27.92414229 111900
27.93630579 111950
27.94846929 112000
27.96063279 112050
27.97279629 112100
27.98495979 112150
27.99712329 112200
28.00928679 112250
28.02145029 112300
28.03361379 112350
28.04577729 112400
28.05794079 112450
28.07010429 112500
28.08226779 112550
28.09443129 112600
28.10659479 112650
28.11875829 112700
28.13092179 112750
28.14308529 112800
28.15524879 112850
28.16741229 112900
28.17957579 112950
28.19173929 113000
28.20390279 113050
28.21606629 113100
28.22822979 113150
28.24039329 113200
28.25255679 113250
28.26472029 113300
28.27688379 113350
28.28904729 113400
28.30121079 113450
28.31337429 113500
28.32553779 113550
28.33770129 113600
28.34986479 113650
28.36202829 113700
28.37419179 113750
28.38635529 113800
28.39851879 113850
28.41068229 113900
28.42284579 113950
28.43500929 114000
28.44717279 114050
28.45933629 114100
28.47149979 114150
28.48366329 114200
28.49582679 114250
28.50799029 114300
28.52015379 114350
28.53231729 114400
28.54448079 114450
28.55664429 114500
28.56880779 114550
28.58097129 114600
28.59313479 114650
28.60529829 114700
28.61746179 114750
28.62962529 114800
28.64178879 114850
28.65395229 114900
28.66611579 114950
28.67827929 115000
28.69044279 115050
28.70260629 115100
28.71476979 115150
28.72693329 115200
28.73909679 115250
28.75126029 115300
28.76342379 115350
28.77558729 115400
28.78775079 115450
28.79991429 115500
28.81207779 115550
28.82424129 115600
28.83640479 115650
28.84856829 115700
28.86073179 115750
28.87289529 115800
28.88505879 115850
28.89722229 115900
28.90938579 115950
28.92154929 116000
28.93371279 116050
28.94587629 116100
28.95803979 116150
28.97020329 116200
28.98236679 116250
28.99453029 116300
29.00669379 116350
29.01885729 116400
29.03102079 116450
29.04318429 116500
29.05534779 116550
29.06751129 116600
29.07967479 116650
29.09183829 116700
29.10400179 116750
29.11616529 116800
29.12832879 116850
29.14049229 116900
29.15265579 116950
29.16481929 117000
29.17698279 117050
29.18914629 117100
29.20130979 117150
29.21347329 117200
29.22563679 117250
29.23780029 117300
29.24996379 117350
29.26212729 117400
29.27429079 117450
29.28645429 117500
29.29861779 117550
29.31078129 117600
29.32294479 117650
29.33510829 117700
29.34727179 117750
29.35943529 117800
29.37159879 117850
29.38376229 117900
29.39592579 117950
29.40808929 118000
29.42025279 118050
29.43241629 118100
29.44457979 118150
29.45674329 118200
29.46890679 118250
29.48107029 118300
29.49323379 118350
29.50539729 118400
29.51756079 118450
29.52972429 118500
29.54188779 118550
29.55405129 118600
29.56621479 118650
29.57837829 118700
29.59054179 118750
29.60270529 118800
29.61486879 118850
29.62703229 118900
29.63919579 118950
29.65135929 119000
29.66352279 119050
29.67568629 119100
29.68784979 119150
29.70001329 119200
29.71217679 119250
29.72434029 119300
29.73650379 119350
29.74866729 119400
29.76083079 119450
29.77299429 119500
29.78515779 119550
29.79732129 119600
29.80948479 119650
29.82164829 119700
29.83381179 119750
29.84597529 119800
29.85813879 119850
29.86944149 119900
29.87557002 119950
29.87878472 120000
29.87910035 120050
29.87910035 120100
29.87910035 120150
29.87910035 120200
29.87910035 120250
29.87910035 120300
29.87910035 120350
29.87910035 120400
29.87910035 120450
29.87910035 120500
29.87910035 120550
29.87910035 120600
29.87910035 120650
29.87910035 120700
29.87910035 120750
29.87910035 120800
29.87910035 120850
29.87910035 120900
29.87910035 120950
29.87910035 121000
29.87910035 121050
29.87910035 121100
29.87910035 121150
29.87910035 121200
29.87910035 121250
29.87910035 121300
29.87910035 121350
29.87910035 121400
29.87910035 121450
29.87910035 121500
29.87910035 121550
29.87910035 121600
29.87910035 121650
29.87910035 121700
29.87910035 121750
29.87910035 121800
29.87910035 121850
29.87910035 121900
29.87910035 121950
29.87910035 122000
29.87910035 122050
29.87910035 122100
29.87910035 122150
29.87910035 122200
29.87910035 122250
29.87910035 122300
29.87910035 122350
29.87910035 122400
29.87910035 122450
29.87910035 122500
29.87910035 122550
29.87910035 122600
29.87910035 122650
29.87910035 122700
29.87910035 122750
29.87910035 122800
29.87910035 122850
29.87910035 122900
29.87910035 122950
29.87910035 123000
29.87910035 123050
29.87910035 123100
29.87910035 123150
29.87910035 123200
29.87910035 123250
29.87910035 123300
29.87910035 123350
29.87910035 123400
29.87910035 123450
29.87910035 123500
29.87910035 123550
29.87910035 123600
29.87910035 123650
29.87910035 123700
29.87910035 123750
29.87910035 123800
29.87910035 123850
29.87910035 123900
29.87910035 123950
29.87910035 124000
29.87910035 124050
29.87910035 124100
29.87910035 124150
29.87910035 124200
29.87910035 124250
29.87910035 124300
29.87910035 124350
29.87910035 124400
29.87910035 124450
29.87910035 124500
29.87910035 124550
29.87910035 124600
29.87910035 124650
29.87910035 124700
29.87910035 124750
29.87910035 124800
29.87910035 124850
29.87910035 124900
29.87910035 124950
29.87910035 125000
29.87910035 125050
29.87910035 125100
29.87910035 125150
29.87910035 125200
29.87910035 125250
29.87910035 125300
29.87910035 125350
29.87910035 125400
29.87910035 125450
29.87910035 125500
29.87910035 125550
29.87910035 125600
29.87910035 125650
29.87910035 125700
29.87910035 125750
29.87910035 125800
29.87910035 125850
29.87910035 125900
29.87910035 125950
29.87910035 126000
