0.260672639 0
0.255915212 1
0.248981428 2
0.230411769 3
0.202201026 4
0.202448616 5
0.202696206 6
0.202943796 7
0.203191386 8
0.203438976 9
0.203686566 10
0.203934156 11
0.204181746 12
0.204429336 13
0.204676926 14
0.204924516 15
0.205172106 16
0.205419696 17
0.205667286 18
0.205914876 19
0.206162466 20
0.206410056 21
0.206657646 22
0.206905236 23
0.207152826 24
0.207400416 25
0.207648006 26
0.207895596 27
0.208143186 28
0.208390776 29
0.208638366 30
0.208885956 31
0.209133546 32
0.209381136 33
0.209628726 34
0.209876316 35
0.210123906 36
0.210371496 37
0.210619086 38
0.210866676 39
0.211114266 40
0.211361856 41
0.211609446 42
0.211857036 43
0.212104626 44
0.212352216 45
0.212599806 46
0.212847396 47
0.213094986 48
0.213342576 49
0.213590166 50
0.213837756 51
0.214085346 52
0.214332936 53
0.214580526 54
0.214828116 55
0.215075706 56
0.215323296 57
0.215570886 58
0.215818476 59
0.216066066 60
0.216313656 61
0.216561246 62
0.216808836 63
0.217056426 64
0.217304016 65
0.217551606 66
0.217799196 67
0.218046786 68
0.218294376 69
0.218541966 70
0.218789556 71
0.219037146 72
0.219284736 73
0.219532326 74
0.219779916 75
0.220027506 76
0.220275096 77
0.220522686 78
0.220770276 79
0.221017866 80
0.221265456 81
0.221513046 82
0.221760636 83
0.222008226 84
0.222255816 85
0.222503406 86
0.222750996 87
0.222998586 88
0.223246176 89
0.223493766 90
0.223741356 91
0.223988946 92
0.224236536 93
0.224484126 94
0.224731716 95
0.224979306 96
0.225226896 97
0.225474486 98
0.225722076 99
0.225969666 100
0.250728666 200
0.275487666 300
0.300246666 400
0.325005666 500
0.349764665 600
0.374523666 700
0.399282665 800
0.424041665 900
0.448803416 1000
0.473562416 1100
0.498321416 1200
0.523080416 1300
0.547839416 1400
0.572598416 1500
0.597357416 1600
0.622116416 1700
0.646875416 1800
0.671634416 1900
0.696393416 2000
0.721152416 2100
0.745911416 2200
0.770670416 2300
0.795429416 2400
0.820188416 2500
0.844947416 2600
0.869706416 2700
0.894465416 2800
0.919224416 2900
0.943983416 3000
0.968742416 3100
0.993501416 3200
1.018260416 3300
1.043019417 3400
1.067778417 3500
1.092537417 3600
1.117296417 3700
1.142055417 3800
1.166814417 3900
1.191573417 4000
1.216332417 4100
1.241091417 4200
1.265850417 4300
1.290609417 4400
1.315368417 4500
1.340124666 4600
1.364883666 4700
1.389642666 4800
1.414401666 4900
1.439160666 5000
1.463919666 5100
1.488678666 5200
1.513437666 5300
1.538196666 5400
1.562955666 5500
1.587714666 5600
1.612473666 5700
1.637232666 5800
1.661991666 5900
1.686750666 6000
1.711509666 6100
1.736268666 6200
1.761027666 6300
1.785786666 6400
1.810545666 6500
1.835304666 6600
1.860063666 6700
1.884822666 6800
1.909581666 6900
1.934340666 7000
1.959099666 7100
1.983858666 7200
2.008617666 7300
2.033376666 7400
2.058135666 7500
2.082894666 7600
2.107653666 7700
2.132412666 7800
2.157171666 7900
2.181930666 8000
2.206689666 8100
2.231448666 8200
2.256207666 8300
2.280966666 8400
2.305725666 8500
2.330484666 8600
2.355243666 8700
2.380002666 8800
2.404761666 8900
2.429520666 9000
2.454279666 9100
2.479038666 9200
2.503797666 9300
2.528556666 9400
2.553315666 9500
2.578074666 9600
2.602833666 9700
2.627592666 9800
2.652351665 9900
2.677110665 10000
2.701869665 10100
2.726628665 10200
2.751387665 10300
2.776146665 10400
2.800905665 10500
2.825664665 10600
2.850423665 10700
2.875182665 10800
2.899941665 10900
2.924700665 11000
2.949459665 11100
2.974218665 11200
2.998977665 11300
3.023736665 11400
3.048495665 11500
3.073254665 11600
3.098013665 11700
3.122772665 11800
3.147531665 11900
3.172290665 12000
3.197049665 12100
3.221808665 12200
3.246567665 12300
3.271326665 12400
3.296085665 12500
3.320844665 12600
3.345603665 12700
3.370362665 12800
3.395121665 12900
3.419880665 13000
3.444639665 13100
3.469398665 13200
3.494157665 13300
3.518916665 13400
3.543675665 13500
3.568434665 13600
3.593193665 13700
3.617952665 13800
3.642711665 13900
3.667470665 14000
3.692229665 14100
3.716988665 14200
3.741747665 14300
3.766506665 14400
3.791265665 14500
3.816024665 14600
3.840783665 14700
3.865542665 14800
3.890301665 14900
3.915060665 15000
3.939819665 15100
3.964578665 15200
3.989337665 15300
4.014096665 15400
4.038855665 15500
4.063614665 15600
4.088373665 15700
4.113132665 15800
4.137891665 15900
4.162650665 16000
4.187409665 16100
4.212168665 16200
4.236927665 16300
4.261686665 16400
4.286445665 16500
4.311204665 16600
4.335963665 16700
4.360722665 16800
4.385481665 16900
4.410240665 17000
4.434999665 17100
4.459758665 17200
4.484517665 17300
4.509276665 17400
4.534035665 17500
4.558794665 17600
4.583553665 17700
4.608312665 17800
4.633071666 17900
4.657830666 18000
4.682589666 18100
4.707348666 18200
4.732107666 18300
4.756866666 18400
4.781625666 18500
4.806384666 18600
4.831143666 18700
4.855902666 18800
4.880661666 18900
4.905423417 19000
4.930182417 19100
4.954941417 19200
4.979700417 19300
5.004459417 19400
5.029218417 19500
5.053977417 19600
5.078736417 19700
5.103495417 19800
5.128254417 19900
5.153013417 20000
5.177772417 20100
5.202531417 20200
5.227290417 20300
5.252049417 20400
5.276808417 20500
5.301567417 20600
5.326326417 20700
5.351085417 20800
5.375844417 20900
5.400603417 21000
5.425362417 21100
5.450121417 21200
5.474880417 21300
5.499639417 21400
5.524398417 21500
5.549157417 21600
5.573916417 21700
5.598675417 21800
5.623434417 21900
5.648193417 22000
5.672952417 22100
5.697711417 22200
5.722470417 22300
5.747229417 22400
5.771988417 22500
5.796747417 22600
5.821506417 22700
5.846265417 22800
5.871024417 22900
5.895783417 23000
5.920542417 23100
5.945301417 23200
5.970060417 23300
5.994819417 23400
6.019578417 23500
6.044337417 23600
6.069096417 23700
6.093855417 23800
6.118614417 23900
6.143373417 24000
6.168132418 24100
6.192891418 24200
6.217650418 24300
6.242409418 24400
6.267168418 24500
6.291927418 24600
6.316686418 24700
6.341445418 24800
6.366204418 24900
6.390963418 25000
6.415722418 25100
6.440481418 25200
6.465240418 25300
6.489999418 25400
6.514758418 25500
6.539517418 25600
6.564276418 25700
6.589035418 25800
6.613794418 25900
6.638553418 26000
6.663312418 26100
6.688071418 26200
6.712830418 26300
6.737589418 26400
6.762348418 26500
6.787107418 26600
6.811869169 26700
6.836628169 26800
6.861387169 26900
6.886146169 27000
6.910905169 27100
6.935664169 27200
6.960423169 27300
6.985182169 27400
7.009941169 27500
7.034700169 27600
7.059459169 27700
7.084218169 27800
7.108977169 27900
7.133736169 28000
7.158495169 28100
7.183254169 28200
7.208013169 28300
7.232772169 28400
7.257531169 28500
7.282290169 28600
7.307049169 28700
7.331808169 28800
7.356567169 28900
7.381326169 29000
7.406085169 29100
7.430844169 29200
7.455603169 29300
7.480362169 29400
7.505121169 29500
7.529880169 29600
7.554639169 29700
7.579398169 29800
7.604157169 29900
7.628916169 30000
7.653675169 30100
7.678434169 30200
7.703193169 30300
7.727952169 30400
7.752711169 30500
7.777470169 30600
7.802229169 30700
7.826988169 30800
7.851747169 30900
7.876506169 31000
7.901265169 31100
7.926024169 31200
7.950783169 31300
7.975542169 31400
8.000301169 31500
8.025060169 31600
8.049819169 31700
8.074578169 31800
8.099337169 31900
8.124096169 32000
8.148855169 32100
8.173614169 32200
8.198373169 32300
8.223132168 32400
8.247891168 32500
8.272650168 32600
8.297409168 32700
8.322168168 32800
8.346927168 32900
8.371686168 33000
8.396445168 33100
8.421204168 33200
8.445963168 33300
8.470722168 33400
8.495481168 33500
8.520240168 33600
8.544999168 33700
8.569758168 33800
8.594517168 33900
8.619276168 34000
8.644035168 34100
8.668794168 34200
8.693553168 34300
8.718312168 34400
8.743071168 34500
8.767830168 34600
8.792589168 34700
8.817348168 34800
8.842107168 34900
8.866866168 35000
8.891625168 35100
8.916384168 35200
8.941143168 35300
8.965902168 35400
8.990661168 35500
9.015420168 35600
9.040179168 35700
9.064938168 35800
9.089697168 35900
9.114456168 36000
9.139215168 36100
9.163974168 36200
9.188733168 36300
9.213492168 36400
9.238251167 36500
9.263010168 36600
9.287769168 36700
9.312528168 36800
9.337287168 36900
9.362046168 37000
9.386805168 37100
9.411564168 37200
9.436323168 37300
9.461082168 37400
9.485841168 37500
9.510600168 37600
9.535359168 37700
9.560118168 37800
9.584877168 37900
9.609636168 38000
9.634395168 38100
9.659154168 38200
9.683913168 38300
9.708672168 38400
9.733431168 38500
9.758190168 38600
9.782949168 38700
9.807708167 38800
9.832467167 38900
9.857226167 39000
9.881985167 39100
9.906744167 39200
9.931503167 39300
9.956262167 39400
9.981021167 39500
10.00578016 39600
10.03053916 39700
10.05529816 39800
10.08005716 39900
10.10481616 40000
10.12957516 40100
10.15433416 40200
10.17909316 40300
10.20385216 40400
10.22861116 40500
10.25337016 40600
10.27812916 40700
10.30288816 40800
10.32764716 40900
10.35240616 41000
10.37716516 41100
10.40192416 41200
10.42668316 41300
10.45144216 41400
10.47620116 41500
10.50096016 41600
10.52571916 41700
10.55047816 41800
10.57523716 41900
10.59999616 42000
10.62475516 42100
10.64951416 42200
10.67427316 42300
10.69903216 42400
10.72379116 42500
10.74855016 42600
10.77330916 42700
10.79806816 42800
10.82282716 42900
10.84758616 43000
10.87234516 43100
10.89710416 43200
10.92186316 43300
10.94662216 43400
10.97138116 43500
10.99614016 43600
11.02089916 43700
11.04565816 43800
11.07041716 43900
11.09517616 44000
11.11993516 44100
11.14469416 44200
11.16945316 44300
11.19421216 44400
11.21897116 44500
11.24373016 44600
11.26848916 44700
11.29324816 44800
11.31800716 44900
11.34276616 45000
11.36752516 45100
11.39228416 45200
11.41704316 45300
11.44180216 45400
11.46656116 45500
11.49132016 45600
11.51607916 45700
11.54083816 45800
11.56559716 45900
11.59035616 46000
11.61511516 46100
11.63987416 46200
11.66463316 46300
11.68939216 46400
11.71415116 46500
11.73891016 46600
11.76366916 46700
11.78842816 46800
11.81318716 46900
11.83794616 47000
11.86270516 47100
11.88746416 47200
11.91222316 47300
11.93698216 47400
11.96174116 47500
11.98650016 47600
12.01125916 47700
12.03601816 47800
12.06077716 47900
12.08553616 48000
12.11029516 48100
12.13505416 48200
12.15981316 48300
12.18457216 48400
12.20933116 48500
12.23409016 48600
12.25884916 48700
12.28360816 48800
12.30836716 48900
12.33312616 49000
12.35788516 49100
12.38264416 49200
12.40740316 49300
12.43216216 49400
12.45692116 49500
12.48168016 49600
12.50643916 49700
12.53119816 49800
12.55595716 49900
12.58071616 50000
12.60547516 50100
12.63023416 50200
12.65499316 50300
12.67975216 50400
12.70451116 50500
12.72927016 50600
12.75402916 50700
12.77878816 50800
12.80354716 50900
12.82830616 51000
12.85306516 51100
12.87782416 51200
12.90258316 51300
12.92734216 51400
12.95210116 51500
12.97686016 51600
13.00161916 51700
13.02637816 51800
13.05113716 51900
13.07589616 52000
13.10065516 52100
13.12541416 52200
13.15017316 52300
13.17493216 52400
13.19969116 52500
13.22445016 52600
13.24920916 52700
13.27396816 52800
13.29872716 52900
13.32348616 53000
13.34824516 53100
13.37300416 53200
13.39776316 53300
13.42252216 53400
13.44728116 53500
13.47204016 53600
13.49679916 53700
13.52155816 53800
13.54631716 53900
13.57107616 54000
13.59583516 54100
13.62059416 54200
13.64535316 54300
13.67011216 54400
13.69487116 54500
13.71963016 54600
13.74438916 54700
13.76914816 54800
13.79390716 54900
13.81866616 55000
13.84342516 55100
13.86818416 55200
13.89294316 55300
13.91770216 55400
13.94246116 55500
13.96722016 55600
13.99197916 55700
14.01673816 55800
14.04149716 55900
14.06625616 56000
14.09101516 56100
14.11577416 56200
14.14053316 56300
14.16529216 56400
14.19005116 56500
14.21481016 56600
14.23956916 56700
14.26432816 56800
14.28908716 56900
14.31384616 57000
14.33860516 57100
14.36336416 57200
14.38812316 57300
14.41288216 57400
14.43764116 57500
14.46240016 57600
14.48715916 57700
14.51191816 57800
14.53667716 57900
14.56143616 58000
14.58619516 58100
14.61095416 58200
14.63571316 58300
14.66047216 58400
14.68523116 58500
14.70999016 58600
14.73474916 58700
14.75950816 58800
14.78426716 58900
14.80902616 59000
14.83378516 59100
14.85854416 59200
14.88330316 59300
14.90806216 59400
14.93282116 59500
14.95758016 59600
14.98233916 59700
15.00709816 59800
15.03185716 59900
15.05661616 60000
15.08137516 60100
15.10613416 60200
15.13089316 60300
15.15565216 60400
15.18041116 60500
15.20517016 60600
15.22992916 60700
15.25468816 60800
15.27944716 60900
15.30420616 61000
15.32896516 61100
15.35372416 61200
15.37848316 61300
15.40324216 61400
15.42800116 61500
15.45276016 61600
15.47751916 61700
15.50227816 61800
15.52703716 61900
15.55179616 62000
15.57655516 62100
15.60131416 62200
15.62607316 62300
15.65083216 62400
15.67559116 62500
15.70035016 62600
15.72510916 62700
15.74986816 62800
15.77462716 62900
15.79938616 63000
15.82414516 63100
15.84890416 63200
15.87366316 63300
15.89842216 63400
15.92318116 63500
15.94794016 63600
15.97269916 63700
15.99745816 63800
16.02221716 63900
16.04697616 64000
16.07173516 64100
16.09649416 64200
16.12125316 64300
16.14601216 64400
16.17077116 64500
16.19553016 64600
16.22028916 64700
16.24504816 64800
16.26980716 64900
16.29456616 65000
16.31932516 65100
16.34408416 65200
16.36884316 65300
16.39360216 65400
16.41836116 65500
16.44312016 65600
16.46787916 65700
16.49263816 65800
16.51739716 65900
16.54215616 66000
16.56691516 66100
16.59167416 66200
16.61643316 66300
16.64119216 66400
16.66595116 66500
16.69071016 66600
16.71546916 66700
16.74022816 66800
16.76498716 66900
16.78974616 67000
16.81450516 67100
16.83926416 67200
16.86402316 67300
16.88878216 67400
16.91354116 67500
16.93830016 67600
16.96305916 67700
16.98781816 67800
17.01257716 67900
17.03733616 68000
17.06209516 68100
17.08685416 68200
17.11161316 68300
17.13637216 68400
17.16113116 68500
17.18589016 68600
17.21064916 68700
17.23540816 68800
17.26016716 68900
17.28492616 69000
17.30968516 69100
17.33444416 69200
17.35920316 69300
17.38396216 69400
17.40872116 69500
17.43348016 69600
17.45823916 69700
17.48299816 69800
17.50775716 69900
17.53251616 70000
17.55727516 70100
17.58203416 70200
17.60679316 70300
17.63155216 70400
17.65631116 70500
17.68107016 70600
17.70582916 70700
17.73058816 70800
17.75534716 70900
17.78010616 71000
17.80486516 71100
17.82962416 71200
17.85438316 71300
17.87914216 71400
17.90390116 71500
17.92866016 71600
17.95341916 71700
17.97817816 71800
18.00293716 71900
18.02769616 72000
18.05245516 72100
18.07721416 72200
18.10197316 72300
18.12673216 72400
18.15149116 72500
18.17625016 72600
18.20100916 72700
18.22576816 72800
18.25052716 72900
18.27528616 73000
18.30004516 73100
18.32480416 73200
18.34956316 73300
18.37432216 73400
18.39908116 73500
18.42384016 73600
18.44859916 73700
18.47335816 73800
18.49811716 73900
18.52287616 74000
18.54763516 74100
18.57239416 74200
18.59715316 74300
18.62191216 74400
18.64667116 74500
18.67143016 74600
18.69618916 74700
18.72094816 74800
18.74570716 74900
18.77046616 75000
18.79522516 75100
18.81998416 75200
18.84474316 75300
18.86950216 75400
18.89426116 75500
18.91902016 75600
18.94377916 75700
18.96853816 75800
18.99329716 75900
19.01805616 76000
19.04281516 76100
19.06757416 76200
19.09233316 76300
19.11709216 76400
19.14185116 76500
19.16661016 76600
19.19136916 76700
19.21612541 76800
19.24088441 76900
19.26564341 77000
19.29040241 77100
19.31516141 77200
19.33992041 77300
19.36467941 77400
19.38943841 77500
19.41419741 77600
19.43895641 77700
19.46371541 77800
19.48847441 77900
19.51323341 78000
19.53799241 78100
19.56275141 78200
19.58751041 78300
19.61226941 78400
19.63702841 78500
19.66178741 78600
19.68654641 78700
19.71130541 78800
19.73606441 78900
19.76082341 79000
19.78558241 79100
19.81034141 79200
19.83510041 79300
19.85985941 79400
19.88461841 79500
19.90937741 79600
19.93413641 79700
19.95889541 79800
19.98365441 79900
20.00841341 80000
20.03317241 80100
20.05793141 80200
20.08269041 80300
20.10744941 80400
20.13220841 80500
20.15696741 80600
20.18172641 80700
20.20648541 80800
20.23124441 80900
20.25600341 81000
20.28076241 81100
20.30552141 81200
20.33028041 81300
20.35503941 81400
20.37979841 81500
20.40455741 81600
20.42931641 81700
20.45407541 81800
20.47883441 81900
20.50359341 82000
20.52835241 82100
20.55311141 82200
20.57787041 82300
20.60262941 82400
20.62738841 82500
20.65214741 82600
20.67690641 82700
20.70166541 82800
20.72642441 82900
20.75118341 83000
20.77594241 83100
20.80070141 83200
20.82546041 83300
20.85021941 83400
20.87497841 83500
20.89973741 83600
20.92449641 83700
20.94925541 83800
20.97401441 83900
20.99877341 84000
21.02353241 84100
21.04829141 84200
21.07305041 84300
21.09780941 84400
21.12256841 84500
21.14732741 84600
21.17208641 84700
21.19684541 84800
21.22160441 84900
21.24636341 85000
21.27112241 85100
21.29588141 85200
21.32064041 85300
21.34539941 85400
21.37015841 85500
21.39491741 85600
21.41967641 85700
21.44443541 85800
21.46919441 85900
21.49395341 86000
21.51871241 86100
21.54347141 86200
21.56823041 86300
21.59298941 86400
21.61774841 86500
21.64250741 86600
21.66726641 86700
21.69202541 86800
21.71678441 86900
21.74154341 87000
21.76630241 87100
21.79106141 87200
21.81582041 87300
21.84057941 87400
21.86533841 87500
21.89009741 87600
21.91485641 87700
21.93961541 87800
21.96437441 87900
21.98913341 88000
22.01389241 88100
22.03865141 88200
22.06341041 88300
22.08816941 88400
22.11292841 88500
22.13768741 88600
22.16244641 88700
22.18720541 88800
22.21196441 88900
22.23672341 89000
22.26148241 89100
22.28624141 89200
22.31100041 89300
22.33575941 89400
22.36051841 89500
22.38527741 89600
22.41003641 89700
22.43479541 89800
22.45955441 89900
22.48431341 90000
22.50907241 90100
22.53383141 90200
22.55859041 90300
22.58334941 90400
22.60810841 90500
22.63286741 90600
22.65762641 90700
22.68238541 90800
22.70714441 90900
22.73190341 91000
22.75666241 91100
22.78142141 91200
22.80618041 91300
22.83093941 91400
22.85569841 91500
22.88045741 91600
22.90521641 91700
22.92997541 91800
22.95473441 91900
22.97949341 92000
23.00425241 92100
23.02901141 92200
23.05377041 92300
23.07852941 92400
23.10328841 92500
23.12804741 92600
23.15280641 92700
23.17756541 92800
23.20232441 92900
23.22708341 93000
23.25184241 93100
23.27660141 93200
23.30136041 93300
23.32611941 93400
23.35087841 93500
23.37563741 93600
23.40039641 93700
23.42515541 93800
23.44991441 93900
23.47467341 94000
23.49943241 94100
23.52419141 94200
23.54895041 94300
23.57370941 94400
23.59846841 94500
23.62322741 94600
23.64798641 94700
23.67274541 94800
23.69750441 94900
23.72226341 95000
23.74702241 95100
23.77178141 95200
23.79654041 95300
23.82129941 95400
23.84605841 95500
23.87081741 95600
23.89557641 95700
23.92033541 95800
23.94509441 95900
23.96985341 96000
23.99461241 96100
24.01937141 96200
24.04413041 96300
24.06888941 96400
24.09364841 96500
24.11840741 96600
24.14316641 96700
24.16792541 96800
24.19268441 96900
24.21744341 97000
24.24220241 97100
24.26696141 97200
24.29172041 97300
24.31647941 97400
24.34123841 97500
24.36599741 97600
24.39075641 97700
24.41551541 97800
24.44027441 97900
24.46503341 98000
24.48979241 98100
24.51455141 98200
24.53931041 98300
24.56406941 98400
24.58882841 98500
24.61358741 98600
24.63834641 98700
24.66310541 98800
24.68786441 98900
24.71262341 99000
24.73738241 99100
24.76214141 99200
24.78690041 99300
24.81165941 99400
24.83641841 99500
24.86117741 99600
24.88593641 99700
24.91069541 99800
24.93545441 99900
24.96021341 100000
24.98497241 100100
25.00973141 100200
25.03449041 100300
25.05924941 100400
25.08400841 100500
25.10876741 100600
25.13352641 100700
25.15828541 100800
25.18304441 100900
25.20780341 101000
25.23256241 101100
25.25732141 101200
25.28208041 101300
25.30683941 101400
25.33159841 101500
25.35635741 101600
25.38111641 101700
25.40587541 101800
25.43063441 101900
25.45539341 102000
25.48015241 102100
25.50491141 102200
25.52967041 102300
25.55442941 102400
25.57918841 102500
25.60394741 102600
25.62870641 102700
25.65346541 102800
25.67822441 102900
25.70298341 103000
25.72774241 103100
25.75250141 103200
25.77726041 103300
25.80201941 103400
25.82677841 103500
25.85153741 103600
25.87629641 103700
25.90105541 103800
25.92581441 103900
25.95057341 104000
25.97533241 104100
26.00009141 104200
26.02485041 104300
26.04960941 104400
26.07436841 104500
26.09912741 104600
26.12388641 104700
26.14864541 104800
26.17340441 104900
26.19816341 105000
26.22292241 105100
26.24768141 105200
26.27244041 105300
26.29719941 105400
26.32195841 105500
26.34671741 105600
26.37147641 105700
26.39623541 105800
26.42099441 105900
26.44575341 106000
26.47051241 106100
26.49527141 106200
26.52003041 106300
26.54478941 106400
26.56954841 106500
26.59430741 106600
26.61906641 106700
26.64382541 106800
26.66858441 106900
26.69334341 107000
26.71810241 107100
26.74286141 107200
26.76762041 107300
26.79237941 107400
26.81713841 107500
26.84189466 107600
26.86665366 107700
26.89141266 107800
26.91617166 107900
26.94093066 108000
26.96568966 108100
26.99044866 108200
27.01520766 108300
27.03996666 108400
27.06472566 108500
27.08948466 108600
27.11424366 108700
27.13900266 108800
27.16376166 108900
27.18852066 109000
27.21327966 109100
27.23803866 109200
27.26279766 109300
27.28755666 109400
27.31231566 109500
27.33707466 109600
27.36183366 109700
27.38659266 109800
27.41135166 109900
27.43611066 110000
27.46086966 110100
27.48562866 110200
27.51038766 110300
27.53514666 110400
27.55990566 110500
27.58466466 110600
27.60942366 110700
27.63418266 110800
27.65894166 110900
27.68370066 111000
27.70845966 111100
27.73321866 111200
27.75797766 111300
27.78273666 111400
27.80749566 111500
27.83225466 111600
27.85701366 111700
27.88177266 111800
27.90653166 111900
27.93129066 112000
27.95604966 112100
27.98080866 112200
28.00556766 112300
28.03032666 112400
28.05508566 112500
28.07984466 112600
28.10460366 112700
28.12936266 112800
28.15412166 112900
28.17888066 113000
28.20363966 113100
28.22839866 113200
28.25315766 113300
28.27791666 113400
28.30267566 113500
28.32743466 113600
28.35219366 113700
28.37695266 113800
28.40171166 113900
28.42647066 114000
28.45122966 114100
28.47598866 114200
28.50074766 114300
28.52550666 114400
28.55026566 114500
28.57502466 114600
28.59978366 114700
28.62454266 114800
28.64930166 114900
28.67406066 115000
28.69881966 115100
28.72357866 115200
28.74833766 115300
28.77309666 115400
28.79785566 115500
28.82261466 115600
28.84737366 115700
28.87213266 115800
28.89689166 115900
28.92165066 116000
28.94640966 116100
28.97116866 116200
28.99592766 116300
29.02068666 116400
29.04544566 116500
29.07020466 116600
29.09496366 116700
29.11972266 116800
29.14448166 116900
29.16924066 117000
29.19399966 117100
29.21875866 117200
29.24351766 117300
29.26827666 117400
29.29303566 117500
29.31779466 117600
29.34255366 117700
29.36731266 117800
29.39207166 117900
29.41683066 118000
29.44158966 118100
29.46634866 118200
29.49110766 118300
29.51586666 118400
29.54062566 118500
29.56538466 118600
29.59014366 118700
29.61490266 118800
29.63966166 118900
29.66442066 119000
29.68917966 119100
29.71393866 119200
29.73869766 119300
29.76345666 119400
29.78821566 119500
29.81297466 119600
29.83773366 119700
29.86249266 119800
29.88257157 119900
29.88067974 120000
29.87910035 120100
29.87910035 120200
29.87910035 120300
29.87910035 120400
29.87910035 120500
29.87910035 120600
29.87910035 120700
29.87910035 120800
29.87910035 120900
29.87910035 121000
29.87910035 121100
29.87910035 121200
29.87910035 121300
29.87910035 121400
29.87910035 121500
29.87910035 121600
29.87910035 121700
29.87910035 121800
29.87910035 121900
29.87910035 122000
29.87910035 122100
29.87910035 122200
29.87910035 122300
29.87910035 122400
29.87910035 122500
29.87910035 122600
29.87910035 122700
29.87910035 122800
29.87910035 122900
29.87910035 123000
29.87910035 123100
29.87910035 123200
29.87910035 123300
29.87910035 123400
29.87910035 123500
29.87910035 123600
29.87910035 123700
29.87910035 123800
29.87910035 123900
29.87910035 124000
29.87910035 124100
29.87910035 124200
29.87910035 124300
29.87910035 124400
29.87910035 124500
29.87910035 124600
29.87910035 124700
29.87910035 124800
29.87910035 124900
29.87910035 125000
29.87910035 125100
29.87910035 125200
29.87910035 125300
29.87910035 125400
29.87910035 125500
29.87910035 125600
29.87910035 125700
29.87910035 125800
29.87910035 125900
29.87910035 126000
