0.368282528 0
0.482201010 100
0.481059029 101
0.479884036 102
0.472845714 103
0.467612004 104
0.468134694 105
0.468654633 106
0.467265062 107
0.465850732 108
0.460361539 109
0.458834418 110
0.457282538 111
0.457612658 112
0.457942778 113
0.458270147 114
0.456690757 115
0.456993367 116
0.457295977 117
0.455576286 118
0.455851386 119
0.456126486 120
0.456401586 121
0.456676686 122
0.456951786 123
0.457226886 124
0.457501986 125
0.457777086 126
0.458052186 127
0.458327286 128
0.458602386 129
0.458877486 130
0.459152586 131
0.459427686 132
0.459702786 133
0.459977886 134
0.460252986 135
0.460528086 136
0.460803186 137
0.461078286 138
0.461353386 139
0.461628486 140
0.461903586 141
0.462178686 142
0.462453786 143
0.462728886 144
0.463003986 145
0.463279086 146
0.463554186 147
0.463829286 148
0.464104386 149
0.464379486 150
0.464654586 151
0.464929686 152
0.465204786 153
0.465479886 154
0.465754986 155
0.466030086 156
0.466305186 157
0.466580286 158
0.466855386 159
0.467130486 160
0.467405586 161
0.467680686 162
0.467955786 163
0.468230886 164
0.468505986 165
0.468781086 166
0.469056186 167
0.469331286 168
0.469606386 169
0.469881486 170
0.470156586 171
0.470431686 172
0.470706786 173
0.470981886 174
0.471256986 175
0.471532086 176
0.471807186 177
0.472082286 178
0.472357386 179
0.472632486 180
0.472907586 181
0.473182686 182
0.473457786 183
0.473732886 184
0.474007986 185
0.474283086 186
0.474558186 187
0.474833286 188
0.475108386 189
0.475383486 190
0.475658586 191
0.475933686 192
0.476208786 193
0.476483886 194
0.476758986 195
0.477034086 196
0.477309186 197
0.477584286 198
0.477859386 199
0.478134486 200
0.505644486 300
0.533151735 400
0.560661735 500
0.588171735 600
0.615681735 700
0.643191735 800
0.670701735 900
0.696027125 1000
0.720786125 1100
0.745545125 1200
0.770304125 1300
0.795063125 1400
0.819822125 1500
0.844581125 1600
0.869340125 1700
0.894099125 1800
0.918858125 1900
0.943617125 2000
0.968376125 2100
0.993135125 2200
1.017894125 2300
1.042653125 2400
1.067412126 2500
1.092171126 2600
1.116930126 2700
1.141689126 2800
1.166448126 2900
1.191207126 3000
1.215966126 3100
1.240725126 3200
1.265484126 3300
1.290243126 3400
1.315002126 3500
1.339758375 3600
1.364517375 3700
1.389276375 3800
1.414035375 3900
1.438794375 4000
1.463553375 4100
1.488312375 4200
1.513071375 4300
1.537830375 4400
1.562589375 4500
1.587348375 4600
1.612107375 4700
1.636866375 4800
1.661625375 4900
1.686384375 5000
1.711143375 5100
1.735902375 5200
1.760661375 5300
1.785420375 5400
1.810179375 5500
1.834938375 5600
1.859697375 5700
1.884456375 5800
1.909215375 5900
1.933974375 6000
1.958733375 6100
1.983492375 6200
2.008251375 6300
2.033010375 6400
2.057769375 6500
2.082528375 6600
2.107287375 6700
2.132046375 6800
2.156805375 6900
2.181564375 7000
2.206323375 7100
2.231082375 7200
2.255841375 7300
2.280600375 7400
2.305359375 7500
2.330118375 7600
2.354877375 7700
2.379636375 7800
2.404395375 7900
2.429154375 8000
2.453913375 8100
2.478672375 8200
2.503431375 8300
2.528190375 8400
2.552949375 8500
2.577708375 8600
2.602467375 8700
2.627226375 8800
2.651985375 8900
2.676744374 9000
2.701503374 9100
2.726262374 9200
2.751021374 9300
2.775780374 9400
2.800539374 9500
2.825298374 9600
2.850057374 9700
2.874816374 9800
2.899575374 9900
2.924334374 10000
2.949093374 10100
2.973852374 10200
2.998611374 10300
3.023370374 10400
3.048129374 10500
3.072888374 10600
3.097647374 10700
3.122406374 10800
3.147165374 10900
3.171924374 11000
3.196683374 11100
3.221442374 11200
3.246201374 11300
3.270960374 11400
3.295719374 11500
3.320478374 11600
3.345237374 11700
3.369996374 11800
3.394755374 11900
3.419514374 12000
3.444273374 12100
3.469032374 12200
3.493791374 12300
3.518550374 12400
3.543309374 12500
3.568068374 12600
3.592827374 12700
3.617586374 12800
3.642345374 12900
3.667104374 13000
3.691863374 13100
3.716622374 13200
3.741381374 13300
3.766140374 13400
3.790899374 13500
3.815658374 13600
3.840417374 13700
3.865176374 13800
3.889935374 13900
3.914694374 14000
3.939453374 14100
3.964212374 14200
3.988971374 14300
4.013730374 14400
4.038489374 14500
4.063248374 14600
4.088007374 14700
4.112766374 14800
4.137525374 14900
4.162284374 15000
4.187043374 15100
4.211802374 15200
4.236561374 15300
4.261320374 15400
4.286079374 15500
4.310838374 15600
4.335597374 15700
4.360356374 15800
4.385115374 15900
4.409874374 16000
4.434633374 16100
4.459392374 16200
4.484151374 16300
4.508910374 16400
4.533669374 16500
4.558428374 16600
4.583187374 16700
4.607946374 16800
4.632705374 16900
4.657464375 17000
4.682223375 17100
4.706982375 17200
4.731741375 17300
4.756500375 17400
4.781259375 17500
4.806018375 17600
4.830777375 17700
4.855536375 17800
4.880295375 17900
4.905054375 18000
4.929816126 18100
4.954575126 18200
4.979334126 18300
5.004093126 18400
5.028852126 18500
5.053611126 18600
5.078370126 18700
5.103129126 18800
5.127888126 18900
5.152647126 19000
5.177406126 19100
5.202165126 19200
5.226924126 19300
5.251683126 19400
5.276442126 19500
5.301201126 19600
5.325960126 19700
5.350719126 19800
5.375478126 19900
5.400237126 20000
5.424996126 20100
5.449755126 20200
5.474514126 20300
5.499273126 20400
5.524032126 20500
5.548791126 20600
5.573550126 20700
5.598309126 20800
5.623068126 20900
5.647827126 21000
5.672586126 21100
5.697345126 21200
5.722104126 21300
5.746863126 21400
5.771622126 21500
5.796381126 21600
5.821140126 21700
5.845899126 21800
5.870658126 21900
5.895417126 22000
5.920176126 22100
5.944935126 22200
5.969694126 22300
5.994453126 22400
6.019212126 22500
6.043971126 22600
6.068730126 22700
6.093489126 22800
6.118248126 22900
6.143007126 23000
6.167768877 23100
6.192527878 23200
6.217286878 23300
6.242045878 23400
6.266804878 23500
6.291563878 23600
6.316322878 23700
6.341081878 23800
6.365840878 23900
6.390599878 24000
6.415358878 24100
6.440117878 24200
6.464876878 24300
6.489635878 24400
6.514394878 24500
6.539153878 24600
6.563912878 24700
6.588671878 24800
6.613430878 24900
6.638189878 25000
6.662948878 25100
6.687707878 25200
6.712466878 25300
6.737225878 25400
6.761984878 25500
6.786743878 25600
6.811502878 25700
6.836261878 25800
6.861020878 25900
6.885779878 26000
6.910538878 26100
6.935297878 26200
6.960056878 26300
6.984815878 26400
7.009574878 26500
7.034333878 26600
7.059092878 26700
7.083851878 26800
7.108610878 26900
7.133369878 27000
7.158128878 27100
7.182887878 27200
7.207646878 27300
7.232405878 27400
7.257164878 27500
7.281923878 27600
7.306682878 27700
7.331441878 27800
7.356200878 27900
7.380959878 28000
7.405718878 28100
7.430477878 28200
7.455236878 28300
7.479995878 28400
7.504754878 28500
7.529513878 28600
7.554272878 28700
7.579031878 28800
7.603790878 28900
7.628549878 29000
7.653308878 29100
7.678067878 29200
7.702826878 29300
7.727585878 29400
7.752344878 29500
7.777103878 29600
7.801862878 29700
7.826621878 29800
7.851380878 29900
7.876139878 30000
7.900898878 30100
7.925657878 30200
7.950416878 30300
7.975175878 30400
7.999934878 30500
8.024693878 30600
8.049452878 30700
8.074211878 30800
8.098970878 30900
8.123729878 31000
8.148488878 31100
8.173247878 31200
8.198006878 31300
8.222765878 31400
8.247524877 31500
8.272283877 31600
8.297042877 31700
8.321801877 31800
8.346560877 31900
8.371319877 32000
8.396078877 32100
8.420837877 32200
8.445596877 32300
8.470355877 32400
8.495114877 32500
8.519873877 32600
8.544632877 32700
8.569391877 32800
8.594150877 32900
8.618909877 33000
8.643668877 33100
8.668427877 33200
8.693186877 33300
8.717945877 33400
8.742704877 33500
8.767463877 33600
8.792222877 33700
8.816981877 33800
8.841740877 33900
8.866499877 34000
8.891258877 34100
8.916017877 34200
8.940776877 34300
8.965535877 34400
8.990294877 34500
9.015053877 34600
9.039812877 34700
9.064571877 34800
9.089330877 34900
9.114089877 35000
9.138848877 35100
9.163607877 35200
9.188366877 35300
9.213125877 35400
9.237884877 35500
9.262643877 35600
9.287402877 35700
9.312161877 35800
9.336920877 35900
9.361679877 36000
9.386438877 36100
9.411197877 36200
9.435956877 36300
9.460715877 36400
9.485474877 36500
9.510233877 36600
9.534992877 36700
9.559751877 36800
9.584510877 36900
9.609269877 37000
9.634028877 37100
9.658787877 37200
9.683546877 37300
9.708305877 37400
9.733064877 37500
9.757823877 37600
9.782582877 37700
9.807341876 37800
9.832100876 37900
9.856859876 38000
9.881618876 38100
9.906377876 38200
9.931136876 38300
9.955895876 38400
9.980654876 38500
10.00541387 38600
10.03017287 38700
10.05493187 38800
10.07969087 38900
10.10444987 39000
10.12920887 39100
10.15396787 39200
10.17872687 39300
10.20348587 39400
10.22824487 39500
10.25300387 39600
10.27776287 39700
10.30252187 39800
10.32728087 39900
10.35203987 40000
10.37679887 40100
10.40155787 40200
10.42631687 40300
10.45107587 40400
10.47583487 40500
10.50059387 40600
10.52535287 40700
10.55011187 40800
10.57487087 40900
10.59962987 41000
10.62438887 41100
10.64914787 41200
10.67390687 41300
10.69866587 41400
10.72342487 41500
10.74818387 41600
10.77294287 41700
10.79770187 41800
10.82246087 41900
10.84721987 42000
10.87197887 42100
10.89673787 42200
10.92149687 42300
10.94625587 42400
10.97101487 42500
10.99577387 42600
11.02053287 42700
11.04529187 42800
11.07005087 42900
11.09480987 43000
11.11956887 43100
11.14432787 43200
11.16908687 43300
11.19384587 43400
11.21860487 43500
11.24336387 43600
11.26812287 43700
11.29288187 43800
11.31764087 43900
11.34239987 44000
11.36715887 44100
11.39191787 44200
11.41667687 44300
11.44143587 44400
11.46619487 44500
11.49095387 44600
11.51571287 44700
11.54047187 44800
11.56523087 44900
11.58998987 45000
11.61474887 45100
11.63950787 45200
11.66426687 45300
11.68902587 45400
11.71378487 45500
11.73854387 45600
11.76330287 45700
11.78806187 45800
11.81282087 45900
11.83757987 46000
11.86233887 46100
11.88709787 46200
11.91185687 46300
11.93661587 46400
11.96137487 46500
11.98613387 46600
12.01089287 46700
12.03565187 46800
12.06041087 46900
12.08516987 47000
12.10992887 47100
12.13468787 47200
12.15944687 47300
12.18420587 47400
12.20896487 47500
12.23372387 47600
12.25848287 47700
12.28324187 47800
12.30800087 47900
12.33275987 48000
12.35751887 48100
12.38227787 48200
12.40703687 48300
12.43179587 48400
12.45655487 48500
12.48131387 48600
12.50607287 48700
12.53083187 48800
12.55559087 48900
12.58034987 49000
12.60510887 49100
12.62986787 49200
12.65462687 49300
12.67938587 49400
12.70414487 49500
12.72890387 49600
12.75366287 49700
12.77842187 49800
12.80318087 49900
12.82793987 50000
12.85269887 50100
12.87745787 50200
12.90221687 50300
12.92697587 50400
12.95173487 50500
12.97649387 50600
13.00125287 50700
13.02601187 50800
13.05077087 50900
13.07552987 51000
13.10028887 51100
13.12504787 51200
13.14980687 51300
13.17456587 51400
13.19932487 51500
13.22408387 51600
13.24884287 51700
13.27360187 51800
13.29836087 51900
13.32311987 52000
13.34787887 52100
13.37263787 52200
13.39739687 52300
13.42215587 52400
13.44691487 52500
13.47167387 52600
13.49643287 52700
13.52119187 52800
13.54595087 52900
13.57070987 53000
13.59546887 53100
13.62022787 53200
13.64498687 53300
13.66974587 53400
13.69450487 53500
13.71926387 53600
13.74402287 53700
13.76878187 53800
13.79354087 53900
13.81829987 54000
13.84305887 54100
13.86781787 54200
13.89257687 54300
13.91733587 54400
13.94209487 54500
13.96685387 54600
13.99161287 54700
14.01637187 54800
14.04113087 54900
14.06588987 55000
14.09064887 55100
14.11540787 55200
14.14016687 55300
14.16492587 55400
14.18968487 55500
14.21444387 55600
14.23920287 55700
14.26396187 55800
14.28872087 55900
14.31347987 56000
14.33823887 56100
14.36299787 56200
14.38775687 56300
14.41251587 56400
14.43727487 56500
14.46203387 56600
14.48679287 56700
14.51155187 56800
14.53631087 56900
14.56106987 57000
14.58582887 57100
14.61058787 57200
14.63534687 57300
14.66010587 57400
14.68486487 57500
14.70962387 57600
14.73438287 57700
14.75914187 57800
14.78390087 57900
14.80865987 58000
14.83341887 58100
14.85817787 58200
14.88293687 58300
14.90769587 58400
14.93245487 58500
14.95721387 58600
14.98197287 58700
15.00673187 58800
15.03149087 58900
15.05624987 59000
15.08100887 59100
15.10576787 59200
15.13052687 59300
15.15528587 59400
15.18004487 59500
15.20480387 59600
15.22956287 59700
15.25432187 59800
15.27908087 59900
15.30383987 60000
15.32859887 60100
15.35335787 60200
15.37811687 60300
15.40287587 60400
15.42763487 60500
15.45239387 60600
15.47715287 60700
15.50191187 60800
15.52667087 60900
15.55142987 61000
15.57618887 61100
15.60094787 61200
15.62570687 61300
15.65046587 61400
15.67522487 61500
15.69998387 61600
15.72474287 61700
15.74950187 61800
15.77426087 61900
15.79901987 62000
15.82377887 62100
15.84853787 62200
15.87329687 62300
15.89805587 62400
15.92281487 62500
15.94757387 62600
15.97233287 62700
15.99709187 62800
16.02185087 62900
16.04660987 63000
16.07136887 63100
16.09612787 63200
16.12088687 63300
16.14564587 63400
16.17040487 63500
16.19516387 63600
16.21992287 63700
16.24468187 63800
16.26944087 63900
16.29419987 64000
16.31895887 64100
16.34371787 64200
16.36847687 64300
16.39323587 64400
16.41799487 64500
16.44275387 64600
16.46751287 64700
16.49227187 64800
16.51703087 64900
16.54178987 65000
16.56654887 65100
16.59130787 65200
16.61606687 65300
16.64082587 65400
16.66558487 65500
16.69034387 65600
16.71510287 65700
16.73986187 65800
16.76462087 65900
16.78937987 66000
16.81413887 66100
16.83889787 66200
16.86365687 66300
16.88841587 66400
16.91317487 66500
16.93793387 66600
16.96269287 66700
16.98745187 66800
17.01221087 66900
17.03696987 67000
17.06172887 67100
17.08648787 67200
17.11124687 67300
17.13600587 67400
17.16076487 67500
17.18552387 67600
17.21028287 67700
17.23504187 67800
17.25980087 67900
17.28455987 68000
17.30931887 68100
17.33407787 68200
17.35883687 68300
17.38359587 68400
17.40835487 68500
17.43311387 68600
17.45787287 68700
17.48263187 68800
17.50739087 68900
17.53214987 69000
17.55690887 69100
17.58166787 69200
17.60642687 69300
17.63118587 69400
17.65594487 69500
17.68070387 69600
17.70546287 69700
17.73022187 69800
17.75498087 69900
17.77973987 70000
17.80449887 70100
17.82925787 70200
17.85401687 70300
17.87877587 70400
17.90353487 70500
17.92829387 70600
17.95305287 70700
17.97781187 70800
18.00257087 70900
18.02732987 71000
18.05208887 71100
18.07684787 71200
18.10160687 71300
18.12636587 71400
18.15112487 71500
18.17588387 71600
18.20064287 71700
18.22540187 71800
18.25016087 71900
18.27491987 72000
18.29967887 72100
18.32443787 72200
18.34919687 72300
18.37395587 72400
18.39871487 72500
18.42347387 72600
18.44823287 72700
18.47299187 72800
18.49775087 72900
18.52250987 73000
18.54726887 73100
18.57202787 73200
18.59678687 73300
18.62154587 73400
18.64630487 73500
18.67106387 73600
18.69582287 73700
18.72058187 73800
18.74534087 73900
18.77009987 74000
18.79485887 74100
18.81961787 74200
18.84437687 74300
18.86913587 74400
18.89389487 74500
18.91865387 74600
18.94341287 74700
18.96817187 74800
18.99293087 74900
19.01768987 75000
19.04244887 75100
19.06720787 75200
19.09196687 75300
19.11672587 75400
19.14148487 75500
19.16624387 75600
19.19100287 75700
19.21576187 75800
19.24051812 75900
19.26527712 76000
19.29003612 76100
19.31479512 76200
19.33955412 76300
19.36431312 76400
19.38907212 76500
19.41383112 76600
19.43859012 76700
19.46334912 76800
19.48810812 76900
19.51286712 77000
19.53762612 77100
19.56238512 77200
19.58714412 77300
19.61190312 77400
19.63666212 77500
19.66142112 77600
19.68618012 77700
19.71093912 77800
19.73569812 77900
19.76045712 78000
19.78521612 78100
19.80997512 78200
19.83473412 78300
19.85949312 78400
19.88425212 78500
19.90901112 78600
19.93377012 78700
19.95852912 78800
19.98328812 78900
20.00804712 79000
20.03280612 79100
20.05756512 79200
20.08232412 79300
20.10708312 79400
20.13184212 79500
20.15660112 79600
20.18136012 79700
20.20611912 79800
20.23087812 79900
20.25563712 80000
20.28039612 80100
20.30515512 80200
20.32991412 80300
20.35467312 80400
20.37943212 80500
20.40419112 80600
20.42895012 80700
20.45370912 80800
20.47846812 80900
20.50322712 81000
20.52798612 81100
20.55274512 81200
20.57750412 81300
20.60226312 81400
20.62702212 81500
20.65178112 81600
20.67654012 81700
20.70129912 81800
20.72605812 81900
20.75081712 82000
20.77557612 82100
20.80033512 82200
20.82509412 82300
20.84985312 82400
20.87461212 82500
20.89937112 82600
20.92413012 82700
20.94888912 82800
20.97364812 82900
20.99840712 83000
21.02316612 83100
21.04792512 83200
21.07268412 83300
21.09744312 83400
21.12220212 83500
21.14696112 83600
21.17172012 83700
21.19647912 83800
21.22123812 83900
21.24599712 84000
21.27075612 84100
21.29551512 84200
21.32027412 84300
21.34503312 84400
21.36979212 84500
21.39455112 84600
21.41931012 84700
21.44406912 84800
21.46882812 84900
21.49358712 85000
21.51834612 85100
21.54310512 85200
21.56786412 85300
21.59262312 85400
21.61738212 85500
21.64214112 85600
21.66690012 85700
21.69165912 85800
21.71641812 85900
21.74117712 86000
21.76593612 86100
21.79069512 86200
21.81545412 86300
21.84021312 86400
21.86497212 86500
21.88973112 86600
21.91449012 86700
21.93924912 86800
21.96400812 86900
21.98876712 87000
22.01352612 87100
22.03828512 87200
22.06304412 87300
22.08780312 87400
22.11256212 87500
22.13732112 87600
22.16208012 87700
22.18683912 87800
22.21159812 87900
22.23635712 88000
22.26111612 88100
22.28587512 88200
22.31063412 88300
22.33539312 88400
22.36015212 88500
22.38491112 88600
22.40967012 88700
22.43442912 88800
22.45918812 88900
22.48394712 89000
22.50870612 89100
22.53346512 89200
22.55822412 89300
22.58298312 89400
22.60774212 89500
22.63250112 89600
22.65726012 89700
22.68201912 89800
22.70677812 89900
22.73153712 90000
22.75629612 90100
22.78105512 90200
22.80581412 90300
22.83057312 90400
22.85533212 90500
22.88009112 90600
22.90485012 90700
22.92960912 90800
22.95436812 90900
22.97912712 91000
23.00388612 91100
23.02864512 91200
23.05340412 91300
23.07816312 91400
23.10292212 91500
23.12768112 91600
23.15244012 91700
23.17719912 91800
23.20195812 91900
23.22671712 92000
23.25147612 92100
23.27623512 92200
23.30099412 92300
23.32575312 92400
23.35051212 92500
23.37527112 92600
23.40003012 92700
23.42478912 92800
23.44954812 92900
23.47430712 93000
23.49906612 93100
23.52382512 93200
23.54858412 93300
23.57334312 93400
23.59810212 93500
23.62286112 93600
23.64762012 93700
23.67237912 93800
23.69713812 93900
23.72189712 94000
23.74665612 94100
23.77141512 94200
23.79617412 94300
23.82093312 94400
23.84569212 94500
23.87045112 94600
23.89521012 94700
23.91996912 94800
23.94472812 94900
23.96948712 95000
23.99424612 95100
24.01900512 95200
24.04376412 95300
24.06852312 95400
24.09328212 95500
24.11804112 95600
24.14280012 95700
24.16755912 95800
24.19231812 95900
24.21707712 96000
24.24183612 96100
24.26659512 96200
24.29135412 96300
24.31611312 96400
24.34087212 96500
24.36563112 96600
24.39039012 96700
24.41514912 96800
24.43990537 96900
24.46466437 97000
24.48942337 97100
24.51418237 97200
24.53894137 97300
24.56370037 97400
24.58845937 97500
24.61321837 97600
24.63797737 97700
24.66273637 97800
24.68749537 97900
24.71225437 98000
24.73701337 98100
24.76177237 98200
24.78653137 98300
24.81129037 98400
24.83604937 98500
24.86080837 98600
24.88556737 98700
24.91032637 98800
24.93508537 98900
24.95984437 99000
24.98460337 99100
25.00936237 99200
25.03412137 99300
25.05888037 99400
25.08363937 99500
25.10839837 99600
25.13315737 99700
25.15791637 99800
25.18267537 99900
25.20743437 100000
25.23219337 100100
25.25695237 100200
25.28171137 100300
25.30647037 100400
25.33122937 100500
25.35598837 100600
25.38074737 100700
25.40550637 100800
25.43026537 100900
25.45502437 101000
25.47978337 101100
25.50454237 101200
25.52930137 101300
25.55406037 101400
25.57881937 101500
25.60357837 101600
25.62833737 101700
25.65309637 101800
25.67785537 101900
25.70261437 102000
25.72737337 102100
25.75213237 102200
25.77689137 102300
25.80165037 102400
25.82640937 102500
25.85116837 102600
25.87592737 102700
25.90068637 102800
25.92544537 102900
25.95020437 103000
25.97496337 103100
25.99972237 103200
26.02448137 103300
26.04924037 103400
26.07399937 103500
26.09875837 103600
26.12351737 103700
26.14827637 103800
26.17303537 103900
26.19779437 104000
26.22255337 104100
26.24731237 104200
26.27207137 104300
26.29683037 104400
26.32158937 104500
26.34634837 104600
26.37110737 104700
26.39586637 104800
26.42062537 104900
26.44538437 105000
26.47014337 105100
26.49490237 105200
26.51966137 105300
26.54442037 105400
26.56917937 105500
26.59393837 105600
26.61869737 105700
26.64345637 105800
26.66821537 105900
26.69297437 106000
26.71773337 106100
26.74249237 106200
26.76725137 106300
26.79201037 106400
26.81676937 106500
26.84152837 106600
26.86628737 106700
26.89104637 106800
26.91580537 106900
26.94056437 107000
26.96532337 107100
26.99008237 107200
27.01484137 107300
27.03960037 107400
27.06435937 107500
27.08911837 107600
27.11387737 107700
27.13863637 107800
27.16339537 107900
27.18815437 108000
27.21291337 108100
27.23767237 108200
27.26243137 108300
27.28719037 108400
27.31194937 108500
27.33670837 108600
27.36146737 108700
27.38622637 108800
27.41098537 108900
27.43574437 109000
27.46050337 109100
27.48526237 109200
27.51002137 109300
27.53478037 109400
27.55953937 109500
27.58429837 109600
27.60905737 109700
27.63381637 109800
27.65857537 109900
27.68333437 110000
27.70809337 110100
27.73285237 110200
27.75761137 110300
27.78237037 110400
27.80712937 110500
27.83188837 110600
27.85664737 110700
27.88140637 110800
27.90616537 110900
27.93092437 111000
27.95568337 111100
27.98044237 111200
28.00520137 111300
28.02996037 111400
28.05471937 111500
28.07947837 111600
28.10423737 111700
28.12899637 111800
28.15375537 111900
28.17851437 112000
28.20327337 112100
28.22803237 112200
28.25279137 112300
28.27755037 112400
28.30230937 112500
28.32706837 112600
28.35182737 112700
28.37658637 112800
28.40134537 112900
28.42610437 113000
28.45086337 113100
28.47562237 113200
28.50038137 113300
28.52514037 113400
28.54989937 113500
28.57465837 113600
28.59941737 113700
28.62417637 113800
28.64893537 113900
28.67369437 114000
28.69845337 114100
28.72321237 114200
28.74797137 114300
28.77273037 114400
28.79748937 114500
28.82224837 114600
28.84700737 114700
28.87176637 114800
28.89652537 114900
28.92128437 115000
28.94604337 115100
28.97080237 115200
28.99556137 115300
29.02032037 115400
29.04507937 115500
29.06983837 115600
29.09459737 115700
29.11935637 115800
29.14411537 115900
29.16887437 116000
29.19363337 116100
29.21839237 116200
29.24315137 116300
29.26791037 116400
29.29266937 116500
29.31742837 116600
29.34218737 116700
29.36694637 116800
29.39170537 116900
29.41646437 117000
29.44122337 117100
29.46598237 117200
29.49074137 117300
29.51550037 117400
29.54025937 117500
29.56501837 117600
29.58977737 117700
29.61453637 117800
29.63929537 117900
29.66405437 118000
29.68881337 118100
29.71357237 118200
29.73833137 118300
29.76309037 118400
29.78784937 118500
29.81260837 118600
29.83736737 118700
29.86212637 118800
29.88688537 118900
29.91164437 119000
29.93640337 119100
29.96116237 119200
29.98592137 119300
30.01068037 119400
30.03543937 119500
30.06019837 119600
30.08495737 119700
30.10971637 119800
30.13447537 119900
30.14067084 120000
30.13881635 120100
